Thống kê những lần 645/4 trúng toàn bộ

Ngày 2019/12/15. Kết quả: 03,13,15,16,22,36
Bộ số: 03,04,05,06,07,10,11,13,14,15,16,17,18,19,21,22,23,24,28,32,33,36,37,38,41,42

10 bộ số trước đó:
  ,   , 03, 04, 05, 06, 07,   ,   , 10, 11,   , 13, 14, 15, 16, 17, 18, 19,   , 21, 22, 23, 24,   ,   ,   , 28,   ,   ,   , 32, 33,   ,   , 36, 37, 38,   ,   , 41, 42,   ,   ,   
  ,   , 03, 04, 05, 06, 07,   , 09, 10, 11,   , 13, 14, 15,   , 17, 18,   ,   , 21, 22, 23,   , 25,   ,   , 28,   ,   ,   ,   , 33,   ,   , 36, 37, 38,   , 40, 41, 42,   ,   ,   
01,   ,   , 04, 05, 06, 07, 08, 09, 10, 11,   , 13,   , 15,   , 17, 18,   ,   , 21, 22, 23,   , 25,   ,   , 28, 29,   ,   ,   , 33,   ,   , 36, 37, 38, 39, 40, 41, 42,   ,   ,   
01,   ,   , 04, 05, 06, 07, 08, 09, 10, 11, 12, 13,   ,   ,   ,   , 18,   ,   , 21, 22, 23,   , 25,   ,   , 28, 29,   ,   ,   , 33,   ,   , 36, 37, 38, 39, 40, 41, 42,   , 44,   
01, 02,   , 04,   , 06, 07, 08, 09, 10, 11, 12,   ,   ,   ,   ,   , 18,   ,   , 21, 22, 23,   , 25, 26,   , 28, 29,   ,   ,   ,   ,   ,   , 36, 37, 38, 39, 40, 41, 42, 43, 44, 45
01, 02,   , 04,   , 06, 07, 08, 09, 10, 11, 12,   ,   ,   ,   ,   , 18,   ,   ,   , 22, 23,   , 25, 26,   ,   ,   , 30,   , 32,   ,   ,   , 36, 37, 38, 39, 40, 41, 42, 43, 44, 45
  , 02,   , 04,   , 06, 07, 08,   ,   , 11, 12,   ,   ,   ,   ,   , 18,   ,   ,   , 22, 23,   , 25, 26, 27,   ,   ,   , 31, 32,   ,   , 35, 36, 37,   , 39, 40, 41, 42, 43, 44, 45
  , 02,   , 04,   , 06, 07, 08,   ,   , 11, 12,   , 14, 15, 16, 17, 18,   ,   ,   ,   , 23,   , 25, 26, 27,   ,   ,   , 31, 32,   ,   , 35, 36, 37,   , 39, 40, 41, 42,   ,   , 45
  , 02, 03, 04,   ,   ,   , 08,   ,   , 11, 12, 13,   , 15, 16, 17, 18,   , 20,   ,   , 23,   , 25, 26, 27,   ,   ,   ,   , 32, 33,   , 35, 36, 37,   ,   , 40, 41, 42,   ,   , 45
  ,   , 03, 04, 05,   ,   , 08,   ,   , 11, 12,   ,   , 15, 16, 17, 18,   , 20,   ,   , 23,   , 25, 26,   , 28, 29,   ,   , 32,   , 34, 35, 36, 37,   ,   ,   ,   , 42,   ,   , 45
01,   , 03, 04, 05,   ,   , 08, 09,   , 11, 12,   ,   , 15, 16,   , 18,   , 20,   ,   , 23,   , 25, 26,   , 28, 29,   ,   , 32,   , 34, 35, 36, 37, 38,   ,   ,   , 42,   ,   , 45

======================================

Ngày 2019/06/05. Kết quả: 04,08,22,25,37,39
Cách lần trúng sau 83 lần quay
Bộ số: 01,03,04,08,09,10,13,15,16,17,20,21,22,24,25,26,28,31,33,34,36,37,38,39,40,44,45

10 bộ số trước đó:
01,   , 03, 04,   ,   ,   , 08, 09, 10,   ,   , 13,   , 15, 16, 17,   ,   , 20, 21, 22,   , 24, 25, 26,   , 28,   ,   , 31,   , 33, 34,   , 36, 37, 38, 39, 40,   ,   ,   , 44, 45
01,   ,   , 04,   ,   ,   , 08, 09, 10,   ,   , 13,   , 15, 16, 17,   ,   , 20, 21, 22,   , 24, 25, 26,   , 28,   ,   ,   ,   ,   , 34,   , 36, 37, 38, 39,   , 41,   , 43, 44, 45
  ,   ,   , 04, 05, 06, 07, 08, 09, 10,   ,   ,   ,   , 15,   , 17,   ,   , 20, 21,   ,   , 24, 25, 26,   , 28,   , 30,   ,   ,   , 34,   , 36, 37, 38, 39,   , 41,   , 43, 44, 45
  ,   ,   , 04, 05, 06, 07, 08, 09, 10,   ,   ,   ,   , 15,   , 17, 18,   , 20, 21,   ,   , 24, 25, 26,   , 28,   ,   ,   ,   ,   , 34,   , 36, 37, 38, 39,   , 41,   , 43, 44, 45
  ,   ,   , 04, 05,   , 07, 08, 09, 10,   , 12,   , 14, 15,   , 17,   ,   , 20, 21,   ,   , 24, 25, 26,   , 28,   ,   ,   , 32,   , 34,   , 36, 37, 38,   ,   , 41,   ,   , 44, 45
  ,   , 03, 04, 05,   , 07, 08, 09, 10,   , 12,   , 14, 15,   ,   ,   ,   , 20, 21,   ,   , 24, 25, 26,   ,   ,   ,   , 31, 32,   ,   ,   , 36, 37, 38,   , 40, 41,   ,   , 44, 45
  ,   , 03, 04, 05,   , 07,   , 09, 10,   , 12,   , 14, 15,   ,   ,   ,   , 20,   , 22, 23, 24, 25, 26,   ,   ,   ,   , 31, 32,   ,   ,   , 36, 37, 38,   , 40, 41,   ,   , 44, 45
  , 02, 03, 04,   ,   , 07,   , 09, 10, 11, 12,   , 14, 15,   ,   ,   , 19, 20,   , 22,   , 24,   , 26, 27,   ,   ,   , 31, 32,   ,   ,   , 36, 37,   ,   , 40, 41, 42,   , 44, 45
  , 02, 03, 04,   , 06,   ,   , 09, 10, 11, 12,   , 14, 15, 16,   , 18, 19, 20,   , 22,   , 24,   , 26, 27,   ,   ,   ,   , 32,   ,   ,   , 36, 37,   , 39, 40, 41, 42,   , 44,   
  , 02, 03, 04,   , 06,   ,   , 09, 10, 11, 12,   , 14, 15, 16,   , 18, 19, 20,   , 22,   , 24,   , 26,   , 28, 29,   ,   , 32, 33,   ,   , 36, 37,   ,   , 40,   , 42,   , 44,   
  , 02, 03, 04,   ,   ,   ,   , 09, 10, 11, 12,   ,   , 15, 16, 17, 18, 19, 20, 21, 22,   , 24,   , 26,   , 28, 29,   ,   , 32, 33,   ,   , 36, 37,   ,   , 40,   , 42, 43,   ,   

======================================

Ngày 2019/04/12. Kết quả: 03,12,15,16,17,44
Cách lần trúng sau 23 lần quay
Bộ số: 01,03,05,06,09,12,13,15,16,17,19,20,21,22,23,24,27,29,31,37,39,40,41,44

10 bộ số trước đó:
01,   , 03,   , 05, 06,   ,   , 09,   ,   , 12, 13,   , 15, 16, 17,   , 19, 20, 21, 22, 23, 24,   ,   , 27,   , 29,   , 31,   ,   ,   ,   ,   , 37,   , 39, 40, 41,   ,   , 44,   
01,   ,   ,   ,   , 06,   ,   , 09,   ,   , 12, 13, 14, 15, 16, 17,   ,   , 20, 21, 22, 23, 24,   ,   , 27,   , 29, 30,   ,   ,   ,   , 35,   , 37,   , 39, 40, 41, 42,   , 44,   
01,   ,   ,   ,   , 06,   , 08, 09, 10,   , 12, 13, 14, 15, 16, 17,   ,   , 20, 21, 22, 23, 24,   ,   ,   ,   , 29,   ,   , 32,   ,   , 35,   ,   ,   , 39, 40, 41, 42,   , 44,   
01,   ,   ,   ,   , 06, 07, 08,   , 10,   ,   , 13, 14, 15, 16, 17,   ,   , 20, 21,   , 23,   , 25,   ,   ,   , 29,   ,   , 32,   ,   , 35, 36,   ,   , 39, 40, 41,   , 43, 44,   
01,   ,   , 04,   , 06, 07, 08,   , 10, 11,   , 13, 14, 15, 16,   , 18,   , 20,   ,   , 23,   , 25,   ,   ,   , 29,   ,   , 32, 33,   , 35, 36,   ,   , 39,   , 41,   , 43, 44, 45
  ,   ,   , 04,   ,   , 07, 08,   , 10, 11,   ,   , 14, 15, 16,   ,   ,   , 20,   ,   , 23,   , 25,   ,   , 28, 29,   , 31, 32, 33,   , 35, 36,   , 38, 39,   ,   ,   , 43, 44, 45
  ,   ,   , 04,   ,   ,   , 08,   , 10, 11,   ,   , 14, 15, 16,   ,   , 19, 20,   ,   , 23,   , 25, 26,   , 28,   ,   , 31, 32, 33,   , 35, 36,   , 38, 39,   ,   ,   , 43, 44, 45
  ,   ,   , 04,   ,   ,   , 08, 09, 10, 11, 12,   , 14, 15,   ,   ,   , 19, 20,   , 22, 23,   , 25, 26,   , 28,   , 30, 31, 32, 33,   , 35, 36,   , 38, 39,   ,   ,   , 43, 44, 45
  ,   ,   , 04,   ,   ,   , 08, 09,   , 11, 12,   , 14,   ,   ,   ,   ,   , 20, 21, 22, 23,   , 25, 26, 27, 28,   , 30, 31, 32, 33, 34, 35, 36,   ,   , 39, 40,   ,   , 43, 44, 45
01,   , 03, 04,   ,   ,   , 08, 09,   , 11, 12, 13, 14,   ,   ,   ,   ,   , 20, 21, 22, 23,   , 25,   , 27, 28,   , 30, 31, 32, 33,   , 35, 36,   ,   , 39, 40, 41,   , 43,   , 45
01, 02, 03, 04,   ,   , 07, 08, 09,   , 11, 12, 13, 14,   ,   , 17,   ,   , 20, 21, 22, 23,   , 25,   , 27, 28, 29, 30,   ,   , 33,   , 35, 36, 37,   , 39, 40, 41,   , 43,   ,   

======================================

Ngày 2018/09/19. Kết quả: 10,20,22,24,27,42
Cách lần trúng sau 88 lần quay
Bộ số: 01,02,04,05,06,07,09,10,15,19,20,22,24,25,27,28,30,32,33,35,36,37,38,39,40,41,42,43

10 bộ số trước đó:
01, 02,   , 04, 05, 06, 07,   , 09, 10,   ,   ,   ,   , 15,   ,   ,   , 19, 20,   , 22,   , 24, 25,   , 27, 28,   , 30,   , 32, 33,   , 35, 36, 37, 38, 39, 40, 41, 42, 43,   ,   
01, 02, 03, 04, 05, 06, 07,   , 09,   ,   ,   ,   ,   , 15,   ,   ,   , 19, 20,   , 22, 23, 24, 25,   , 27,   ,   , 30,   , 32, 33,   , 35, 36, 37, 38, 39, 40, 41,   , 43,   ,   
01, 02, 03, 04,   ,   , 07,   , 09,   ,   ,   ,   ,   , 15,   , 17,   , 19, 20,   ,   , 23, 24, 25, 26,   ,   ,   , 30,   , 32, 33,   , 35, 36,   , 38, 39, 40, 41,   , 43,   ,   
01, 02, 03, 04,   ,   , 07,   , 09,   ,   ,   ,   ,   , 15, 16, 17,   , 19, 20,   ,   , 23, 24, 25,   ,   ,   , 29, 30, 31, 32, 33,   , 35, 36,   , 38, 39,   , 41,   , 43,   ,   
01, 02, 03, 04,   ,   , 07,   , 09,   ,   ,   ,   , 14, 15, 16, 17, 18,   , 20, 21,   , 23, 24, 25,   ,   ,   , 29,   , 31, 32, 33,   , 35,   ,   ,   , 39,   , 41,   , 43, 44,   
01, 02, 03, 04,   ,   , 07, 08, 09,   ,   ,   ,   , 14, 15,   ,   , 18,   , 20, 21,   , 23,   , 25,   ,   ,   , 29,   , 31, 32, 33,   , 35,   ,   ,   , 39,   , 41, 42, 43, 44, 45
  , 02,   , 04, 05, 06, 07, 08, 09,   ,   ,   ,   , 14, 15,   ,   , 18,   , 20, 21,   , 23,   , 25,   , 27,   , 29,   , 31, 32, 33, 34, 35,   , 37,   , 39,   , 41, 42, 43, 44, 45
  , 02,   , 04, 05, 06, 07, 08, 09, 10,   ,   , 13, 14, 15,   ,   , 18,   , 20, 21,   , 23,   ,   , 26, 27,   ,   ,   , 31, 32,   , 34, 35,   , 37,   , 39,   , 41, 42, 43, 44, 45
  , 02,   , 04, 05, 06, 07, 08, 09, 10,   ,   , 13, 14,   ,   ,   ,   , 19, 20, 21,   , 23,   ,   , 26, 27,   ,   ,   , 31, 32,   ,   , 35,   , 37, 38, 39,   , 41, 42, 43,   , 45
  , 02,   , 04, 05, 06, 07, 08, 09, 10,   ,   , 13, 14,   ,   ,   ,   , 19, 20, 21,   , 23, 24,   , 26, 27,   ,   , 30, 31, 32,   ,   , 35,   ,   , 38, 39,   , 41, 42, 43,   ,   
01, 02,   , 04, 05, 06, 07,   , 09, 10, 11, 12, 13, 14,   ,   ,   ,   , 19, 20, 21,   , 23, 24,   , 26, 27,   ,   , 30, 31, 32,   ,   , 35,   ,   , 38, 39,   , 41,   , 43,   ,   

======================================

Ngày 2018/08/03. Kết quả: 03,08,10,24,27,28
Cách lần trúng sau 20 lần quay
Bộ số: 01,03,04,07,08,10,11,12,13,14,15,17,19,20,22,23,24,25,27,28,33,34,35,36,39,40,44

10 bộ số trước đó:
01,   , 03, 04,   ,   , 07, 08,   , 10, 11, 12, 13, 14, 15,   , 17,   , 19, 20,   , 22, 23, 24, 25,   , 27, 28,   ,   ,   ,   , 33, 34, 35, 36,   ,   , 39, 40,   ,   ,   , 44,   
01,   , 03, 04, 05, 06, 07,   ,   , 10, 11, 12, 13, 14, 15,   , 17,   , 19, 20,   , 22, 23,   , 25,   ,   , 28, 29, 30,   ,   , 33, 34, 35, 36,   ,   , 39,   ,   ,   ,   , 44,   
01,   , 03, 04, 05, 06, 07,   ,   , 10, 11, 12,   ,   , 15,   , 17,   ,   ,   ,   , 22,   ,   , 25, 26,   , 28, 29, 30, 31,   , 33, 34, 35, 36,   ,   , 39,   ,   ,   , 43, 44,   
01, 02, 03, 04, 05, 06, 07,   ,   ,   , 11, 12,   ,   , 15,   , 17,   ,   ,   , 21, 22,   ,   , 25,   ,   , 28, 29, 30, 31, 32, 33,   , 35, 36, 37,   , 39,   ,   , 42, 43, 44,   
01, 02, 03, 04, 05, 06,   ,   ,   ,   , 11, 12,   ,   ,   ,   , 17, 18,   ,   , 21, 22,   ,   , 25,   ,   , 28,   , 30,   , 32, 33,   , 35, 36, 37,   , 39,   , 41, 42, 43, 44,   
01, 02,   , 04, 05, 06,   ,   ,   ,   , 11, 12,   ,   ,   ,   , 17, 18,   ,   , 21, 22,   , 24,   ,   ,   ,   ,   , 30,   , 32, 33,   , 35, 36, 37,   , 39, 40, 41, 42, 43, 44, 45
01, 02,   , 04, 05, 06,   ,   ,   ,   , 11,   , 13,   ,   , 16, 17, 18,   ,   , 21, 22, 23, 24,   ,   ,   ,   ,   , 30,   , 32, 33,   , 35, 36, 37,   ,   , 40, 41, 42,   , 44, 45
01,   ,   , 04, 05, 06,   ,   ,   ,   , 11,   , 13, 14,   , 16, 17, 18, 19,   , 21, 22, 23, 24,   ,   ,   ,   ,   , 30,   , 32, 33, 34, 35, 36, 37,   ,   , 40, 41, 42,   ,   , 45
01,   ,   , 04, 05, 06,   ,   ,   ,   , 11,   , 13, 14, 15, 16, 17, 18, 19, 20, 21,   , 23, 24,   ,   ,   ,   ,   , 30, 31, 32,   ,   , 35, 36, 37,   ,   , 40, 41,   ,   ,   , 45
01,   ,   , 04, 05, 06,   ,   , 09,   , 11,   , 13, 14, 15, 16, 17, 18, 19, 20, 21,   , 23, 24, 25,   ,   ,   ,   , 30, 31, 32,   ,   , 35, 36, 37,   ,   , 40, 41,   ,   ,   , 45
01,   ,   ,   , 05, 06,   ,   , 09,   , 11, 12, 13, 14,   , 16, 17, 18, 19, 20, 21,   , 23, 24, 25,   ,   ,   , 29, 30, 31, 32,   ,   , 35, 36,   ,   , 39, 40, 41,   ,   ,   , 45

======================================

Ngày 2018/04/04. Kết quả: 02,03,06,16,41,44
Cách lần trúng sau 52 lần quay
Bộ số: 01,02,03,05,06,08,09,14,15,16,17,19,20,21,23,25,26,27,29,30,32,36,37,40,41,44,45

10 bộ số trước đó:
01, 02, 03,   , 05, 06,   , 08, 09,   ,   ,   ,   , 14, 15, 16, 17,   , 19, 20, 21,   , 23,   , 25, 26, 27,   , 29, 30,   , 32,   ,   ,   , 36, 37,   ,   , 40, 41,   ,   , 44, 45
01, 02,   ,   , 05,   ,   , 08, 09,   ,   ,   ,   , 14, 15, 16, 17,   , 19, 20, 21,   , 23, 24, 25,   , 27,   , 29, 30,   , 32, 33,   ,   , 36, 37,   , 39, 40, 41,   ,   , 44, 45
01, 02,   ,   , 05,   , 07, 08, 09,   , 11,   ,   , 14, 15, 16, 17,   ,   , 20, 21,   , 23, 24, 25,   , 27, 28, 29, 30,   , 32, 33,   ,   , 36, 37,   , 39,   ,   ,   , 43,   , 45
01, 02,   ,   , 05,   , 07, 08, 09,   , 11,   ,   ,   , 15, 16, 17, 18,   , 20,   ,   , 23,   , 25,   , 27,   , 29, 30,   , 32, 33, 34,   , 36, 37,   , 39,   ,   ,   , 43,   , 45
01, 02,   , 04, 05,   , 07,   , 09, 10, 11,   ,   ,   , 15, 16,   , 18,   ,   ,   ,   , 23,   , 25,   , 27,   , 29, 30,   , 32, 33,   ,   , 36, 37,   , 39,   ,   , 42, 43,   , 45
01, 02, 03, 04, 05,   , 07,   , 09, 10, 11,   ,   ,   , 15, 16,   , 18,   ,   ,   , 22,   ,   , 25, 26,   ,   , 29, 30,   , 32, 33,   , 35, 36, 37,   , 39,   ,   , 42, 43,   , 45
  , 02, 03, 04, 05,   , 07,   , 09, 10, 11,   ,   ,   , 15, 16,   , 18,   ,   ,   , 22,   ,   , 25,   ,   ,   , 29, 30,   , 32, 33,   , 35, 36, 37, 38, 39,   ,   ,   , 43, 44, 45
  , 02, 03, 04,   ,   , 07,   , 09,   , 11,   ,   ,   , 15, 16,   , 18,   ,   ,   , 22,   , 24,   ,   ,   , 28, 29, 30,   , 32, 33,   , 35, 36, 37, 38, 39, 40,   ,   , 43,   , 45
  , 02, 03, 04,   , 06, 07,   , 09,   , 11,   ,   ,   , 15, 16, 17, 18,   , 20,   , 22,   , 24,   ,   ,   , 28, 29, 30,   , 32, 33,   , 35, 36,   , 38, 39,   ,   ,   , 43,   , 45
  , 02, 03,   ,   , 06, 07,   , 09,   ,   , 12,   ,   , 15, 16, 17, 18,   , 20, 21, 22, 23, 24,   ,   , 27, 28, 29, 30,   ,   , 33, 34, 35, 36,   , 38, 39,   ,   ,   , 43,   , 45
01, 02,   ,   ,   , 06,   ,   , 09,   ,   , 12,   , 14,   , 16, 17, 18,   , 20, 21, 22, 23, 24,   , 26,   , 28, 29, 30,   ,   , 33, 34, 35, 36,   , 38, 39,   ,   , 42, 43,   ,   

======================================

Ngày 2018/03/02. Kết quả: 03,07,15,27,41,45
Cách lần trúng sau 14 lần quay
Bộ số: 01,02,03,04,06,07,09,11,13,14,15,20,22,25,27,28,31,32,34,35,38,39,41,43,44,45

10 bộ số trước đó:
01, 02, 03, 04,   , 06, 07,   , 09,   , 11,   , 13, 14, 15,   ,   ,   ,   , 20,   , 22,   ,   , 25,   , 27, 28,   ,   , 31, 32,   , 34, 35,   ,   , 38, 39,   , 41,   , 43, 44, 45
  , 02, 03, 04,   , 06, 07,   , 09,   , 11,   , 13,   , 15,   , 17,   ,   , 20, 21, 22,   ,   , 25,   , 27, 28,   ,   , 31, 32,   , 34, 35,   ,   ,   , 39, 40, 41,   , 43, 44, 45
  , 02, 03, 04,   , 06, 07, 08, 09, 10, 11,   , 13,   , 15,   , 17,   ,   , 20, 21, 22,   ,   , 25,   , 27, 28,   , 30,   ,   ,   ,   ,   ,   ,   ,   , 39, 40, 41, 42,   , 44, 45
  , 02, 03, 04,   , 06, 07, 08, 09, 10, 11,   , 13,   , 15,   , 17,   ,   , 20, 21, 22,   ,   , 25,   ,   , 28,   , 30,   ,   ,   ,   ,   ,   , 37,   , 39, 40,   , 42,   , 44,   
  ,   , 03, 04,   , 06, 07, 08, 09,   , 11,   , 13,   , 15,   , 17, 18,   , 20, 21, 22,   , 24, 25, 26,   , 28, 29, 30,   ,   , 33,   ,   ,   ,   ,   , 39, 40,   , 42,   , 44,   
01,   , 03, 04,   , 06,   , 08, 09,   , 11,   , 13,   , 15, 16, 17,   ,   , 20, 21, 22,   , 24, 25,   ,   , 28, 29,   ,   ,   , 33,   ,   ,   ,   , 38, 39, 40,   , 42,   , 44,   
  ,   , 03, 04,   , 06,   , 08, 09,   , 11, 12,   ,   , 15, 16, 17,   ,   , 20, 21, 22,   , 24, 25,   ,   , 28, 29,   , 31,   , 33, 34, 35,   ,   , 38, 39,   ,   , 42, 43, 44,   
  ,   , 03, 04,   , 06,   , 08, 09,   , 11, 12,   ,   , 15, 16, 17,   ,   , 20, 21, 22,   , 24, 25,   ,   ,   , 29,   , 31, 32, 33, 34, 35,   ,   , 38, 39,   , 41,   , 43, 44,   
  ,   , 03,   ,   , 06,   , 08,   ,   , 11, 12,   ,   , 15, 16, 17,   , 19, 20, 21, 22, 23, 24, 25,   ,   ,   , 29,   , 31, 32, 33, 34, 35,   , 37, 38, 39,   , 41,   , 43, 44,   
  ,   , 03,   ,   , 06,   , 08,   ,   , 11,   ,   ,   , 15, 16, 17, 18, 19, 20, 21, 22, 23, 24, 25,   ,   ,   , 29,   , 31, 32,   , 34, 35,   ,   , 38, 39,   , 41,   , 43, 44,   
  ,   , 03,   , 05, 06,   , 08,   ,   , 11,   , 13,   , 15, 16, 17,   , 19, 20, 21, 22, 23, 24, 25,   ,   ,   , 29,   , 31, 32,   , 34, 35,   ,   , 38, 39,   , 41,   , 43,   ,   

======================================

Ngày 2016/10/14. Kết quả: 03,07,09,18,28,39
Cách lần trúng sau 214 lần quay
Bộ số: 01,03,04,07,09,10,11,12,13,14,17,18,21,22,23,26,28,29,30,35,36,37,38,39,40,41,43

10 bộ số trước đó:
01,   , 03, 04,   ,   , 07,   , 09, 10, 11, 12, 13, 14,   ,   , 17, 18,   ,   , 21, 22, 23,   ,   , 26,   , 28, 29, 30,   ,   ,   ,   , 35, 36, 37, 38, 39, 40, 41,   , 43,   ,   
01,   , 03, 04,   ,   , 07, 08, 09, 10, 11, 12, 13, 14,   ,   , 17, 18,   ,   , 21, 22,   ,   ,   , 26,   , 28, 29, 30,   ,   ,   ,   ,   , 36, 37,   , 39, 40, 41,   , 43,   ,   
01, 02, 03, 04,   ,   , 07, 08, 09, 10, 11, 12, 13, 14, 15,   , 17, 18,   ,   , 21, 22,   ,   ,   , 26,   , 28, 29,   ,   , 32, 33,   ,   , 36, 37,   , 39,   , 41,   , 43,   ,   
01, 02,   , 04,   ,   , 07, 08, 09, 10, 11, 12, 13, 14, 15,   ,   , 18,   ,   ,   , 22,   , 24, 25, 26,   , 28, 29,   ,   ,   , 33,   ,   , 36, 37,   , 39,   , 41,   , 43,   ,   
  , 02,   , 04, 05,   , 07, 08, 09, 10, 11, 12, 13, 14, 15,   ,   , 18, 19,   ,   , 22,   , 24, 25, 26,   ,   , 29,   , 31,   , 33,   ,   , 36, 37,   , 39,   , 41,   , 43,   ,   
  , 02,   , 04, 05,   , 07,   , 09, 10, 11, 12, 13,   , 15, 16,   , 18,   ,   ,   , 22, 23, 24, 25, 26, 27,   ,   ,   , 31,   , 33, 34, 35, 36, 37,   , 39,   , 41,   , 43,   ,   
  , 02,   , 04,   ,   , 07,   , 09, 10, 11,   , 13,   ,   , 16,   , 18,   ,   ,   , 22, 23, 24, 25, 26, 27,   ,   ,   , 31,   , 33, 34, 35, 36,   , 38, 39,   ,   ,   , 43,   , 45
  , 02, 03, 04,   , 06,   ,   , 09,   , 11,   , 13,   ,   , 16,   , 18,   ,   , 21, 22, 23, 24,   , 26, 27,   ,   ,   , 31,   , 33, 34, 35, 36,   , 38, 39,   ,   ,   , 43,   , 45
01, 02, 03,   ,   ,   ,   ,   , 09,   , 11,   , 13,   ,   , 16,   , 18,   ,   , 21, 22,   , 24,   , 26, 27, 28,   ,   ,   ,   , 33,   , 35, 36,   , 38, 39,   ,   , 42, 43, 44, 45
01,   , 03,   ,   ,   ,   , 08, 09,   ,   ,   , 13,   ,   , 16,   , 18, 19,   , 21, 22,   , 24,   , 26, 27, 28, 29,   ,   ,   , 33,   , 35, 36,   , 38, 39, 40,   , 42, 43, 44, 45
01,   , 03,   ,   ,   ,   , 08,   ,   ,   , 12, 13,   , 15, 16,   ,   , 19,   , 21, 22,   , 24,   , 26, 27, 28, 29, 30,   ,   , 33,   , 35, 36, 37, 38, 39, 40, 41, 42, 43, 44, 45

======================================