Thống kê những lần 645/3 trúng toàn bộ

Ngày 2019/12/15. Kết quả: 03,13,15,16,22,36
Bộ số: 03,04,05,06,07,10,11,13,14,15,16,17,18,19,21,22,23,24,28,32,33,35,36,37,38,41,42,43,45

10 bộ số trước đó:
  ,   , 03, 04, 05, 06, 07,   ,   , 10, 11,   , 13, 14, 15, 16, 17, 18, 19,   , 21, 22, 23, 24,   ,   ,   , 28,   ,   ,   , 32, 33,   , 35, 36, 37, 38,   ,   , 41, 42, 43,   , 45
  ,   , 03, 04, 05, 06, 07,   , 09, 10, 11,   , 13, 14, 15, 16, 17, 18, 19,   , 21, 22, 23, 24, 25,   ,   , 28,   ,   ,   , 32, 33,   ,   , 36, 37, 38,   , 40, 41, 42,   ,   ,   
01,   , 03, 04, 05, 06, 07, 08, 09, 10, 11,   , 13, 14, 15,   , 17, 18,   ,   , 21, 22, 23,   , 25,   , 27, 28, 29,   ,   ,   , 33,   ,   , 36, 37, 38, 39, 40, 41, 42,   ,   ,   
01,   ,   , 04, 05, 06, 07, 08, 09, 10, 11, 12, 13,   , 15,   , 17, 18,   ,   , 21, 22, 23,   , 25,   ,   , 28, 29,   ,   ,   , 33, 34,   , 36, 37, 38, 39, 40, 41, 42,   , 44,   
01, 02,   , 04, 05, 06, 07, 08, 09, 10, 11, 12, 13,   ,   ,   ,   , 18,   , 20, 21, 22, 23,   , 25, 26,   , 28, 29,   ,   ,   , 33,   ,   , 36, 37, 38, 39, 40, 41, 42, 43, 44, 45
01, 02,   , 04,   , 06, 07, 08, 09, 10, 11, 12,   ,   ,   ,   ,   , 18,   ,   , 21, 22, 23, 24, 25, 26,   , 28, 29, 30,   , 32,   ,   ,   , 36, 37, 38, 39, 40, 41, 42, 43, 44, 45
01, 02,   , 04,   , 06, 07, 08, 09, 10, 11, 12,   ,   ,   ,   ,   , 18,   ,   ,   , 22, 23,   , 25, 26, 27,   ,   , 30, 31, 32,   ,   , 35, 36, 37, 38, 39, 40, 41, 42, 43, 44, 45
  , 02,   , 04,   , 06, 07, 08,   ,   , 11, 12,   , 14, 15, 16, 17, 18,   ,   ,   , 22, 23,   , 25, 26, 27,   ,   ,   , 31, 32,   ,   , 35, 36, 37,   , 39, 40, 41, 42, 43, 44, 45
  , 02, 03, 04,   , 06, 07, 08,   ,   , 11, 12, 13, 14, 15, 16, 17, 18,   , 20,   ,   , 23,   , 25, 26, 27,   ,   ,   , 31, 32, 33,   , 35, 36, 37,   , 39, 40, 41, 42,   ,   , 45
  , 02, 03, 04, 05,   ,   , 08,   ,   , 11, 12, 13,   , 15, 16, 17, 18,   , 20,   ,   , 23,   , 25, 26, 27, 28, 29,   ,   , 32, 33, 34, 35, 36, 37,   ,   , 40, 41, 42,   ,   , 45
01,   , 03, 04, 05,   ,   , 08, 09,   , 11, 12,   ,   , 15, 16, 17, 18, 19, 20,   ,   , 23,   , 25, 26,   , 28, 29, 30,   , 32,   , 34, 35, 36, 37, 38,   ,   ,   , 42,   ,   , 45

======================================

Ngày 2019/09/20. Kết quả: 07,12,24,29,31,45
Cách lần trúng sau 37 lần quay
Bộ số: 01,04,05,06,07,10,11,12,14,16,18,21,22,23,24,26,27,29,31,32,34,36,37,39,40,41,42,44,45

10 bộ số trước đó:
01,   ,   , 04, 05, 06, 07,   ,   , 10, 11, 12,   , 14,   , 16,   , 18,   ,   , 21, 22, 23, 24,   , 26, 27,   , 29,   , 31, 32,   , 34,   , 36, 37,   , 39, 40, 41, 42,   , 44, 45
01,   , 03, 04, 05, 06, 07,   ,   , 10, 11, 12, 13, 14,   , 16,   , 18, 19, 20,   , 22, 23, 24,   , 26, 27,   ,   ,   , 31,   ,   ,   ,   , 36, 37,   , 39, 40, 41, 42,   , 44, 45
01,   , 03, 04, 05,   , 07, 08,   , 10,   , 12, 13, 14,   , 16,   , 18, 19, 20,   , 22, 23, 24,   ,   , 27,   ,   ,   , 31,   , 33,   ,   ,   , 37,   , 39, 40, 41, 42, 43, 44, 45
01,   , 03,   , 05,   , 07, 08,   , 10,   , 12,   , 14,   , 16, 17, 18, 19, 20,   , 22, 23, 24,   ,   , 27,   ,   , 30,   ,   , 33,   ,   ,   , 37, 38, 39, 40, 41, 42, 43, 44, 45
  ,   , 03,   , 05,   , 07, 08,   , 10,   , 12,   , 14,   , 16, 17, 18, 19, 20, 21, 22,   , 24, 25,   , 27,   , 29,   ,   , 32, 33, 34, 35,   ,   , 38, 39, 40, 41, 42, 43, 44, 45
  ,   , 03,   ,   , 06,   , 08,   , 10,   , 12,   ,   ,   ,   , 17, 18, 19, 20, 21, 22,   , 24, 25,   , 27, 28,   ,   ,   , 32, 33, 34, 35, 36,   , 38, 39,   , 41, 42, 43, 44, 45
  , 02, 03, 04,   ,   ,   , 08,   , 10,   , 12, 13,   , 15,   , 17, 18, 19, 20, 21,   ,   , 24,   , 26, 27, 28,   ,   , 31, 32, 33, 34, 35, 36,   , 38, 39,   , 41, 42, 43,   , 45
  , 02, 03,   ,   ,   ,   , 08, 09, 10, 11,   , 13,   , 15,   , 17, 18,   , 20, 21,   ,   , 24,   , 26, 27, 28,   ,   , 31, 32, 33, 34, 35, 36, 37, 38, 39,   , 41, 42, 43,   , 45
  , 02, 03,   ,   ,   ,   ,   , 09, 10, 11,   , 13,   ,   , 16, 17, 18,   ,   , 21,   ,   ,   ,   , 26, 27, 28, 29,   ,   , 32, 33, 34, 35, 36, 37, 38, 39, 40, 41, 42, 43,   , 45
  , 02, 03,   , 05,   ,   ,   , 09, 10, 11,   , 13,   ,   , 16,   , 18,   ,   , 21, 22, 23,   , 25, 26, 27, 28, 29,   ,   , 32, 33, 34, 35, 36, 37, 38, 39, 40, 41, 42, 43, 44, 45
01, 02, 03, 04, 05,   ,   ,   , 09, 10, 11,   , 13, 14,   , 16,   , 18,   ,   ,   , 22, 23,   , 25, 26, 27, 28, 29, 30,   , 32, 33, 34, 35, 36, 37, 38, 39, 40, 41, 42, 43, 44, 45

======================================

Ngày 2019/09/11. Kết quả: 21,25,29,32,34,35
Cách lần trúng sau 4 lần quay
Bộ số: 03,05,07,08,10,12,14,16,17,18,19,20,21,22,24,25,27,29,32,33,34,35,38,39,40,41,42,43,44,45

10 bộ số trước đó:
  ,   , 03,   , 05,   , 07, 08,   , 10,   , 12,   , 14,   , 16, 17, 18, 19, 20, 21, 22,   , 24, 25,   , 27,   , 29,   ,   , 32, 33, 34, 35,   ,   , 38, 39, 40, 41, 42, 43, 44, 45
  ,   , 03,   ,   , 06,   , 08,   , 10,   , 12,   ,   ,   ,   , 17, 18, 19, 20, 21, 22,   , 24, 25,   , 27, 28,   ,   ,   , 32, 33, 34, 35, 36,   , 38, 39,   , 41, 42, 43, 44, 45
  , 02, 03, 04,   ,   ,   , 08,   , 10,   , 12, 13,   , 15,   , 17, 18, 19, 20, 21,   ,   , 24,   , 26, 27, 28,   ,   , 31, 32, 33, 34, 35, 36,   , 38, 39,   , 41, 42, 43,   , 45
  , 02, 03,   ,   ,   ,   , 08, 09, 10, 11,   , 13,   , 15,   , 17, 18,   , 20, 21,   ,   , 24,   , 26, 27, 28,   ,   , 31, 32, 33, 34, 35, 36, 37, 38, 39,   , 41, 42, 43,   , 45
  , 02, 03,   ,   ,   ,   ,   , 09, 10, 11,   , 13,   ,   , 16, 17, 18,   ,   , 21,   ,   ,   ,   , 26, 27, 28, 29,   ,   , 32, 33, 34, 35, 36, 37, 38, 39, 40, 41, 42, 43,   , 45
  , 02, 03,   , 05,   ,   ,   , 09, 10, 11,   , 13,   ,   , 16,   , 18,   ,   , 21, 22, 23,   , 25, 26, 27, 28, 29,   ,   , 32, 33, 34, 35, 36, 37, 38, 39, 40, 41, 42, 43, 44, 45
01, 02, 03, 04, 05,   ,   ,   , 09, 10, 11,   , 13, 14,   , 16,   , 18,   ,   ,   , 22, 23,   , 25, 26, 27, 28, 29, 30,   , 32, 33, 34, 35, 36, 37, 38, 39, 40, 41, 42, 43, 44, 45
01,   , 03, 04, 05,   ,   ,   , 09, 10, 11,   , 13, 14, 15, 16,   ,   ,   ,   ,   , 22, 23,   , 25, 26, 27, 28, 29, 30,   , 32,   , 34, 35, 36, 37, 38, 39, 40, 41, 42, 43, 44, 45
01,   , 03, 04, 05,   ,   ,   , 09, 10, 11, 12, 13,   ,   , 16,   ,   ,   ,   ,   , 22, 23,   , 25, 26, 27, 28, 29, 30,   , 32,   , 34, 35, 36, 37, 38,   , 40, 41, 42, 43, 44, 45
01,   , 03, 04, 05,   ,   , 08, 09, 10, 11, 12,   ,   ,   , 16, 17,   ,   ,   ,   ,   , 23,   , 25, 26, 27, 28, 29, 30,   , 32,   ,   , 35, 36, 37, 38,   , 40, 41, 42, 43, 44, 45
  , 02, 03,   , 05,   ,   , 08,   , 10, 11, 12,   ,   ,   , 16, 17, 18,   ,   , 21,   , 23,   ,   , 26, 27, 28, 29, 30,   , 32,   ,   , 35, 36, 37, 38,   , 40, 41, 42, 43, 44, 45

======================================

Ngày 2019/09/06. Kết quả: 02,04,13,15,26,31
Cách lần trúng sau 2 lần quay
Bộ số: 02,03,04,08,10,12,13,15,17,18,19,20,21,24,26,27,28,31,32,33,34,35,36,38,39,41,42,43,45

10 bộ số trước đó:
  , 02, 03, 04,   ,   ,   , 08,   , 10,   , 12, 13,   , 15,   , 17, 18, 19, 20, 21,   ,   , 24,   , 26, 27, 28,   ,   , 31, 32, 33, 34, 35, 36,   , 38, 39,   , 41, 42, 43,   , 45
  , 02, 03,   ,   ,   ,   , 08, 09, 10, 11,   , 13,   , 15,   , 17, 18,   , 20, 21,   ,   , 24,   , 26, 27, 28,   ,   , 31, 32, 33, 34, 35, 36, 37, 38, 39,   , 41, 42, 43,   , 45
  , 02, 03,   ,   ,   ,   ,   , 09, 10, 11,   , 13,   ,   , 16, 17, 18,   ,   , 21,   ,   ,   ,   , 26, 27, 28, 29,   ,   , 32, 33, 34, 35, 36, 37, 38, 39, 40, 41, 42, 43,   , 45
  , 02, 03,   , 05,   ,   ,   , 09, 10, 11,   , 13,   ,   , 16,   , 18,   ,   , 21, 22, 23,   , 25, 26, 27, 28, 29,   ,   , 32, 33, 34, 35, 36, 37, 38, 39, 40, 41, 42, 43, 44, 45
01, 02, 03, 04, 05,   ,   ,   , 09, 10, 11,   , 13, 14,   , 16,   , 18,   ,   ,   , 22, 23,   , 25, 26, 27, 28, 29, 30,   , 32, 33, 34, 35, 36, 37, 38, 39, 40, 41, 42, 43, 44, 45
01,   , 03, 04, 05,   ,   ,   , 09, 10, 11,   , 13, 14, 15, 16,   ,   ,   ,   ,   , 22, 23,   , 25, 26, 27, 28, 29, 30,   , 32,   , 34, 35, 36, 37, 38, 39, 40, 41, 42, 43, 44, 45
01,   , 03, 04, 05,   ,   ,   , 09, 10, 11, 12, 13,   ,   , 16,   ,   ,   ,   ,   , 22, 23,   , 25, 26, 27, 28, 29, 30,   , 32,   , 34, 35, 36, 37, 38,   , 40, 41, 42, 43, 44, 45
01,   , 03, 04, 05,   ,   , 08, 09, 10, 11, 12,   ,   ,   , 16, 17,   ,   ,   ,   ,   , 23,   , 25, 26, 27, 28, 29, 30,   , 32,   ,   , 35, 36, 37, 38,   , 40, 41, 42, 43, 44, 45
  , 02, 03,   , 05,   ,   , 08,   , 10, 11, 12,   ,   ,   , 16, 17, 18,   ,   , 21,   , 23,   ,   , 26, 27, 28, 29, 30,   , 32,   ,   , 35, 36, 37, 38,   , 40, 41, 42, 43, 44, 45
  , 02, 03,   , 05, 06,   , 08,   , 10,   , 12,   , 14, 15, 16, 17, 18,   ,   , 21,   , 23,   ,   ,   , 27,   , 29,   ,   , 32,   ,   , 35, 36, 37, 38, 39, 40, 41,   , 43, 44, 45
  , 02, 03,   ,   , 06,   , 08,   , 10,   , 12,   , 14, 15, 16, 17, 18,   , 20, 21, 22, 23, 24,   ,   , 27,   , 29,   ,   ,   , 33, 34, 35, 36, 37, 38, 39, 40, 41,   ,   , 44, 45

======================================

Ngày 2019/06/05. Kết quả: 04,08,22,25,37,39
Cách lần trúng sau 40 lần quay
Bộ số: 01,03,04,08,09,10,11,13,14,15,16,17,20,21,22,24,25,26,28,29,31,32,33,34,36,37,38,39,40,44,45

10 bộ số trước đó:
01,   , 03, 04,   ,   ,   , 08, 09, 10, 11,   , 13, 14, 15, 16, 17,   ,   , 20, 21, 22,   , 24, 25, 26,   , 28, 29,   , 31, 32, 33, 34,   , 36, 37, 38, 39, 40,   ,   ,   , 44, 45
01, 02, 03, 04,   ,   ,   , 08, 09, 10,   ,   , 13,   , 15, 16, 17,   ,   , 20, 21, 22,   , 24, 25, 26,   , 28,   ,   , 31,   , 33, 34,   , 36, 37, 38, 39, 40, 41,   , 43, 44, 45
01,   ,   , 04, 05, 06, 07, 08, 09, 10,   ,   , 13,   , 15, 16, 17,   ,   , 20, 21, 22,   , 24, 25, 26,   , 28,   , 30,   ,   ,   , 34,   , 36, 37, 38, 39,   , 41,   , 43, 44, 45
  ,   ,   , 04, 05, 06, 07, 08, 09, 10,   ,   ,   ,   , 15,   , 17, 18, 19, 20, 21,   ,   , 24, 25, 26, 27, 28,   , 30,   ,   ,   , 34,   , 36, 37, 38, 39,   , 41, 42, 43, 44, 45
  ,   ,   , 04, 05, 06, 07, 08, 09, 10,   , 12,   , 14, 15,   , 17, 18,   , 20, 21,   ,   , 24, 25, 26,   , 28, 29,   ,   , 32,   , 34,   , 36, 37, 38, 39,   , 41,   , 43, 44, 45
  ,   , 03, 04, 05,   , 07, 08, 09, 10,   , 12,   , 14, 15,   , 17,   ,   , 20, 21,   ,   , 24, 25, 26,   , 28,   ,   , 31, 32, 33, 34,   , 36, 37, 38,   , 40, 41,   ,   , 44, 45
01,   , 03, 04, 05,   , 07, 08, 09, 10,   , 12, 13, 14, 15,   ,   ,   ,   , 20, 21, 22, 23, 24, 25, 26,   ,   ,   ,   , 31, 32,   ,   ,   , 36, 37, 38,   , 40, 41,   ,   , 44, 45
  , 02, 03, 04, 05,   , 07,   , 09, 10, 11, 12,   , 14, 15,   ,   ,   , 19, 20,   , 22, 23, 24, 25, 26, 27,   ,   , 30, 31, 32,   ,   ,   , 36, 37, 38,   , 40, 41, 42,   , 44, 45
  , 02, 03, 04,   , 06, 07,   , 09, 10, 11, 12,   , 14, 15, 16,   , 18, 19, 20,   , 22,   , 24,   , 26, 27,   ,   ,   , 31, 32,   ,   ,   , 36, 37,   , 39, 40, 41, 42,   , 44, 45
  , 02, 03, 04,   , 06,   ,   , 09, 10, 11, 12,   , 14, 15, 16,   , 18, 19, 20,   , 22,   , 24,   , 26, 27, 28, 29,   ,   , 32, 33,   ,   , 36, 37,   , 39, 40, 41, 42,   , 44,   
  , 02, 03, 04,   , 06,   ,   , 09, 10, 11, 12,   , 14, 15, 16, 17, 18, 19, 20, 21, 22,   , 24,   , 26,   , 28, 29,   ,   , 32, 33,   ,   , 36, 37,   ,   , 40,   , 42, 43, 44,   

======================================

Ngày 2019/05/19. Kết quả: 02,11,19,27,30,42
Cách lần trúng sau 7 lần quay
Bộ số: 02,03,04,05,07,09,10,11,12,14,15,19,20,22,23,24,25,26,27,30,31,32,36,37,38,40,41,42,44,45

10 bộ số trước đó:
  , 02, 03, 04, 05,   , 07,   , 09, 10, 11, 12,   , 14, 15,   ,   ,   , 19, 20,   , 22, 23, 24, 25, 26, 27,   ,   , 30, 31, 32,   ,   ,   , 36, 37, 38,   , 40, 41, 42,   , 44, 45
  , 02, 03, 04,   , 06, 07,   , 09, 10, 11, 12,   , 14, 15, 16,   , 18, 19, 20,   , 22,   , 24,   , 26, 27,   ,   ,   , 31, 32,   ,   ,   , 36, 37,   , 39, 40, 41, 42,   , 44, 45
  , 02, 03, 04,   , 06,   ,   , 09, 10, 11, 12,   , 14, 15, 16,   , 18, 19, 20,   , 22,   , 24,   , 26, 27, 28, 29,   ,   , 32, 33,   ,   , 36, 37,   , 39, 40, 41, 42,   , 44,   
  , 02, 03, 04,   , 06,   ,   , 09, 10, 11, 12,   , 14, 15, 16, 17, 18, 19, 20, 21, 22,   , 24,   , 26,   , 28, 29,   ,   , 32, 33,   ,   , 36, 37,   ,   , 40,   , 42, 43, 44,   
  , 02, 03, 04, 05,   ,   ,   , 09, 10, 11, 12,   ,   , 15, 16, 17, 18, 19, 20, 21, 22, 23, 24, 25, 26,   , 28, 29,   ,   , 32, 33,   ,   , 36, 37,   ,   , 40,   , 42, 43,   ,   
  , 02, 03, 04, 05,   , 07, 08, 09, 10, 11, 12,   ,   , 15, 16, 17,   , 19, 20, 21, 22,   ,   , 25, 26,   , 28, 29,   ,   , 32,   , 34,   , 36, 37,   ,   , 40,   , 42, 43,   , 45
  , 02, 03,   , 05,   , 07, 08, 09, 10, 11, 12, 13,   , 15, 16, 17,   , 19, 20, 21, 22,   ,   , 25, 26,   ,   , 29,   ,   , 32,   , 34,   , 36, 37, 38, 39, 40,   , 42,   ,   , 45
  ,   , 03,   , 05, 06, 07, 08, 09, 10, 11, 12, 13,   ,   ,   , 17,   , 19, 20, 21, 22,   ,   , 25, 26,   ,   , 29,   , 31, 32,   , 34, 35, 36, 37, 38, 39, 40,   , 42,   , 44, 45
  ,   , 03,   , 05, 06,   , 08, 09, 10, 11,   ,   ,   ,   ,   , 17, 18, 19,   , 21, 22, 23,   , 25, 26, 27,   , 29,   , 31, 32,   , 34, 35, 36, 37, 38, 39, 40, 41, 42,   , 44,   
  ,   , 03,   , 05, 06,   ,   , 09, 10,   ,   ,   ,   ,   ,   , 17, 18, 19,   , 21, 22, 23, 24, 25, 26, 27, 28, 29,   , 31, 32, 33, 34, 35, 36, 37, 38, 39, 40,   , 42,   , 44,   
  , 02, 03,   ,   , 06,   ,   , 09, 10,   ,   ,   , 14, 15, 16,   , 18, 19,   ,   , 22, 23, 24, 25, 26, 27, 28, 29, 30, 31, 32, 33, 34, 35, 36, 37, 38, 39, 40,   , 42,   , 44,   

======================================

Ngày 2019/04/12. Kết quả: 03,12,15,16,17,44
Cách lần trúng sau 16 lần quay
Bộ số: 01,03,04,05,06,09,12,13,15,16,17,18,19,20,21,22,23,24,27,29,31,33,37,39,40,41,44,45

10 bộ số trước đó:
01,   , 03, 04, 05, 06,   ,   , 09,   ,   , 12, 13,   , 15, 16, 17, 18, 19, 20, 21, 22, 23, 24,   ,   , 27,   , 29,   , 31,   , 33,   ,   ,   , 37,   , 39, 40, 41,   ,   , 44, 45
01,   , 03,   , 05, 06,   ,   , 09,   ,   , 12, 13, 14, 15, 16, 17,   , 19, 20, 21, 22, 23, 24,   ,   , 27,   , 29, 30, 31,   ,   ,   , 35,   , 37,   , 39, 40, 41, 42,   , 44,   
01,   ,   ,   ,   , 06,   , 08, 09, 10,   , 12, 13, 14, 15, 16, 17,   ,   , 20, 21, 22, 23, 24,   , 26, 27,   , 29, 30,   , 32,   ,   , 35,   , 37,   , 39, 40, 41, 42,   , 44,   
01,   ,   ,   ,   , 06, 07, 08, 09, 10,   , 12, 13, 14, 15, 16, 17,   ,   , 20, 21, 22, 23, 24, 25,   ,   ,   , 29,   ,   , 32,   ,   , 35, 36,   ,   , 39, 40, 41, 42, 43, 44,   
01,   ,   , 04,   , 06, 07, 08,   , 10, 11,   , 13, 14, 15, 16, 17, 18,   , 20, 21,   , 23,   , 25,   ,   ,   , 29,   ,   , 32, 33, 34, 35, 36,   ,   , 39, 40, 41,   , 43, 44, 45
01,   , 03, 04,   , 06, 07, 08,   , 10, 11,   , 13, 14, 15, 16,   , 18,   , 20,   ,   , 23,   , 25,   ,   , 28, 29,   , 31, 32, 33,   , 35, 36,   , 38, 39,   , 41,   , 43, 44, 45
  , 02,   , 04,   ,   , 07, 08,   , 10, 11,   ,   , 14, 15, 16,   ,   , 19, 20,   ,   , 23,   , 25, 26,   , 28, 29,   , 31, 32, 33,   , 35, 36, 37, 38, 39,   ,   ,   , 43, 44, 45
  ,   ,   , 04,   ,   ,   , 08, 09, 10, 11, 12,   , 14, 15, 16,   ,   , 19, 20,   , 22, 23,   , 25, 26,   , 28,   , 30, 31, 32, 33,   , 35, 36,   , 38, 39,   ,   , 42, 43, 44, 45
  ,   ,   , 04,   ,   ,   , 08, 09, 10, 11, 12,   , 14, 15,   ,   ,   , 19, 20, 21, 22, 23,   , 25, 26, 27, 28,   , 30, 31, 32, 33, 34, 35, 36,   , 38, 39, 40,   ,   , 43, 44, 45
01,   , 03, 04,   ,   ,   , 08, 09,   , 11, 12, 13, 14,   ,   ,   ,   ,   , 20, 21, 22, 23,   , 25, 26, 27, 28,   , 30, 31, 32, 33, 34, 35, 36,   ,   , 39, 40, 41,   , 43, 44, 45
01, 02, 03, 04,   ,   , 07, 08, 09,   , 11, 12, 13, 14,   ,   , 17,   ,   , 20, 21, 22, 23,   , 25,   , 27, 28, 29, 30, 31, 32, 33,   , 35, 36, 37,   , 39, 40, 41,   , 43,   , 45

======================================

Ngày 2019/04/03. Kết quả: 04,11,18,33,34,45
Cách lần trúng sau 4 lần quay
Bộ số: 01,04,06,07,08,10,11,13,14,15,16,17,18,20,21,23,25,29,32,33,34,35,36,39,40,41,43,44,45

10 bộ số trước đó:
01,   ,   , 04,   , 06, 07, 08,   , 10, 11,   , 13, 14, 15, 16, 17, 18,   , 20, 21,   , 23,   , 25,   ,   ,   , 29,   ,   , 32, 33, 34, 35, 36,   ,   , 39, 40, 41,   , 43, 44, 45
01,   , 03, 04,   , 06, 07, 08,   , 10, 11,   , 13, 14, 15, 16,   , 18,   , 20,   ,   , 23,   , 25,   ,   , 28, 29,   , 31, 32, 33,   , 35, 36,   , 38, 39,   , 41,   , 43, 44, 45
  , 02,   , 04,   ,   , 07, 08,   , 10, 11,   ,   , 14, 15, 16,   ,   , 19, 20,   ,   , 23,   , 25, 26,   , 28, 29,   , 31, 32, 33,   , 35, 36, 37, 38, 39,   ,   ,   , 43, 44, 45
  ,   ,   , 04,   ,   ,   , 08, 09, 10, 11, 12,   , 14, 15, 16,   ,   , 19, 20,   , 22, 23,   , 25, 26,   , 28,   , 30, 31, 32, 33,   , 35, 36,   , 38, 39,   ,   , 42, 43, 44, 45
  ,   ,   , 04,   ,   ,   , 08, 09, 10, 11, 12,   , 14, 15,   ,   ,   , 19, 20, 21, 22, 23,   , 25, 26, 27, 28,   , 30, 31, 32, 33, 34, 35, 36,   , 38, 39, 40,   ,   , 43, 44, 45
01,   , 03, 04,   ,   ,   , 08, 09,   , 11, 12, 13, 14,   ,   ,   ,   ,   , 20, 21, 22, 23,   , 25, 26, 27, 28,   , 30, 31, 32, 33, 34, 35, 36,   ,   , 39, 40, 41,   , 43, 44, 45
01, 02, 03, 04,   ,   , 07, 08, 09,   , 11, 12, 13, 14,   ,   , 17,   ,   , 20, 21, 22, 23,   , 25,   , 27, 28, 29, 30, 31, 32, 33,   , 35, 36, 37,   , 39, 40, 41,   , 43,   , 45
01, 02, 03, 04,   , 06, 07, 08, 09,   , 11, 12, 13, 14,   ,   , 17, 18,   , 20, 21, 22, 23,   , 25,   , 27, 28, 29, 30,   ,   , 33,   , 35, 36, 37,   , 39, 40, 41,   , 43,   ,   
01, 02, 03,   ,   , 06, 07, 08, 09, 10, 11, 12, 13,   , 15,   , 17, 18, 19,   , 21, 22, 23,   , 25,   ,   , 28, 29, 30,   ,   , 33,   , 35, 36, 37, 38, 39, 40, 41,   ,   ,   ,   
01,   , 03,   ,   , 06,   , 08, 09, 10, 11, 12, 13,   , 15, 16, 17, 18, 19,   , 21, 22, 23,   , 25, 26,   , 28, 29, 30,   ,   , 33, 34, 35, 36, 37, 38, 39,   ,   ,   ,   , 44,   
  ,   , 03,   , 05, 06,   , 08, 09, 10, 11, 12,   ,   , 15, 16,   , 18, 19,   , 21, 22, 23,   , 25, 26,   , 28, 29,   , 31,   , 33, 34, 35, 36, 37, 38, 39,   ,   , 42,   , 44,   

======================================

Ngày 2019/03/06. Kết quả: 02,07,14,24,40,41
Cách lần trúng sau 12 lần quay
Bộ số: 02,03,04,06,07,08,09,10,11,14,18,19,21,22,24,26,27,28,32,33,34,36,37,39,40,41,42,44

10 bộ số trước đó:
  , 02, 03, 04,   , 06, 07, 08, 09, 10, 11,   ,   , 14,   ,   ,   , 18, 19,   , 21, 22,   , 24,   , 26, 27, 28,   ,   ,   , 32, 33, 34,   , 36, 37,   , 39, 40, 41, 42,   , 44,   
  , 02, 03, 04,   , 06,   , 08, 09, 10, 11,   ,   , 14,   ,   , 17, 18, 19, 20, 21, 22,   , 24,   , 26, 27, 28,   , 30,   ,   , 33, 34,   , 36, 37,   , 39, 40, 41,   ,   , 44, 45
  , 02, 03, 04,   , 06,   , 08, 09,   , 11,   ,   , 14,   ,   , 17,   , 19, 20, 21, 22,   , 24,   , 26, 27, 28, 29, 30, 31,   , 33, 34,   , 36, 37, 38, 39, 40, 41,   , 43,   ,   
  , 02, 03, 04, 05, 06,   , 08, 09,   , 11, 12,   , 14,   , 16, 17,   , 19, 20, 21, 22,   ,   ,   , 26, 27, 28, 29, 30, 31,   , 33, 34, 35, 36,   , 38, 39, 40, 41,   , 43,   ,   
  , 02, 03, 04, 05, 06,   , 08, 09,   ,   ,   , 13,   ,   , 16, 17,   , 19, 20, 21, 22, 23,   ,   , 26, 27, 28,   , 30,   , 32, 33, 34, 35, 36,   , 38, 39, 40, 41, 42, 43,   ,   
  , 02,   , 04, 05, 06, 07, 08, 09,   ,   ,   , 13,   ,   , 16, 17, 18, 19, 20, 21,   , 23,   ,   ,   ,   , 28,   ,   ,   , 32, 33, 34, 35, 36,   , 38, 39, 40, 41, 42, 43,   ,   
01, 02,   , 04,   , 06, 07, 08, 09, 10,   ,   , 13,   , 15, 16, 17,   , 19, 20, 21,   , 23, 24,   ,   ,   , 28,   ,   ,   , 32,   , 34, 35, 36,   , 38, 39, 40,   , 42, 43,   , 45
  , 02,   , 04,   , 06, 07, 08, 09, 10,   , 12, 13, 14, 15, 16,   ,   , 19, 20, 21,   , 23, 24,   ,   ,   , 28,   ,   , 31, 32,   , 34,   , 36,   , 38, 39, 40,   , 42, 43,   , 45
  , 02, 03, 04,   , 06, 07, 08, 09, 10,   ,   , 13, 14, 15, 16,   ,   , 19, 20, 21, 22, 23, 24,   , 26, 27, 28,   , 30, 31, 32,   , 34,   ,   ,   , 38,   , 40,   , 42,   , 44, 45
  , 02, 03, 04, 05, 06, 07, 08, 09, 10,   ,   , 13, 14, 15, 16,   , 18, 19, 20, 21,   , 23,   ,   , 26, 27, 28,   ,   , 31, 32,   , 34,   ,   , 37,   ,   , 40, 41, 42,   , 44, 45
  ,   , 03, 04,   , 06, 07, 08,   , 10,   ,   , 13, 14, 15, 16, 17, 18, 19, 20, 21,   ,   ,   ,   , 26, 27, 28, 29,   , 31, 32,   , 34, 35,   , 37,   ,   , 40, 41, 42,   , 44, 45

======================================

Ngày 2019/02/15. Kết quả: 03,22,26,27,30,44
Cách lần trúng sau 8 lần quay
Bộ số: 02,03,04,06,07,08,09,10,13,14,15,16,19,20,21,22,23,24,26,27,28,30,31,32,34,38,40,42,44,45

10 bộ số trước đó:
  , 02, 03, 04,   , 06, 07, 08, 09, 10,   ,   , 13, 14, 15, 16,   ,   , 19, 20, 21, 22, 23, 24,   , 26, 27, 28,   , 30, 31, 32,   , 34,   ,   ,   , 38,   , 40,   , 42,   , 44, 45
  , 02, 03, 04, 05, 06, 07, 08, 09, 10,   ,   , 13, 14, 15, 16,   , 18, 19, 20, 21,   , 23,   ,   , 26, 27, 28,   ,   , 31, 32,   , 34,   ,   , 37,   ,   , 40, 41, 42,   , 44, 45
  ,   , 03, 04,   , 06, 07, 08,   , 10,   ,   , 13, 14, 15, 16, 17, 18, 19, 20, 21,   ,   ,   ,   , 26, 27, 28, 29,   , 31, 32,   , 34, 35,   , 37,   ,   , 40, 41, 42,   , 44, 45
  ,   ,   ,   ,   ,   , 07, 08,   , 10, 11, 12, 13, 14, 15, 16, 17, 18, 19, 20, 21,   ,   ,   ,   , 26, 27, 28, 29,   , 31, 32,   , 34, 35, 36, 37,   ,   , 40, 41, 42,   , 44, 45
  ,   ,   ,   ,   ,   , 07, 08,   , 10, 11, 12,   , 14, 15, 16, 17, 18, 19, 20, 21, 22,   ,   , 25, 26, 27, 28, 29, 30, 31, 32, 33, 34, 35, 36,   ,   ,   , 40,   , 42,   , 44, 45
  , 02,   ,   , 05,   , 07, 08,   , 10,   ,   ,   , 14, 15, 16, 17, 18, 19, 20, 21,   , 23, 24, 25, 26,   , 28,   , 30, 31, 32, 33, 34, 35, 36,   ,   ,   , 40,   , 42,   , 44, 45
  , 02, 03,   , 05,   , 07, 08,   , 10,   ,   ,   ,   , 15, 16, 17, 18, 19, 20, 21,   , 23, 24, 25, 26,   , 28,   ,   , 31, 32, 33, 34, 35, 36,   ,   , 39, 40,   , 42, 43, 44, 45
01,   , 03, 04, 05, 06, 07, 08,   , 10,   ,   ,   ,   , 15, 16, 17, 18, 19, 20, 21,   , 23, 24, 25, 26,   , 28,   ,   , 31, 32,   , 34, 35, 36, 37,   , 39,   , 41, 42, 43, 44, 45
01,   , 03, 04, 05, 06, 07,   ,   , 10,   , 12,   ,   , 15,   , 17, 18, 19, 20,   ,   , 23, 24, 25, 26, 27, 28,   ,   ,   , 32,   , 34,   , 36, 37,   , 39,   , 41, 42, 43, 44, 45
01,   , 03, 04, 05, 06, 07,   ,   , 10, 11,   ,   , 14,   ,   , 17, 18,   , 20,   , 22, 23, 24, 25, 26, 27, 28,   , 30,   , 32,   , 34,   , 36, 37,   , 39,   , 41, 42, 43, 44,   
  , 02, 03, 04, 05, 06, 07,   , 09, 10, 11,   , 13,   ,   ,   , 17, 18,   , 20,   , 22, 23,   , 25, 26, 27, 28, 29, 30,   , 32, 33, 34,   , 36, 37,   , 39,   , 41, 42, 43, 44,   

======================================

Ngày 2018/09/19. Kết quả: 10,20,22,24,27,42
Cách lần trúng sau 64 lần quay
Bộ số: 01,02,04,05,06,07,08,09,10,14,15,19,20,21,22,24,25,27,28,30,32,33,35,36,37,38,39,40,41,42,43,44,45

10 bộ số trước đó:
01, 02,   , 04, 05, 06, 07, 08, 09, 10,   ,   ,   , 14, 15,   ,   ,   , 19, 20, 21, 22,   , 24, 25,   , 27, 28,   , 30,   , 32, 33,   , 35, 36, 37, 38, 39, 40, 41, 42, 43, 44, 45
01, 02, 03, 04, 05, 06, 07,   , 09, 10,   ,   ,   ,   , 15,   ,   ,   , 19, 20,   , 22, 23, 24, 25,   , 27, 28,   , 30,   , 32, 33,   , 35, 36, 37, 38, 39, 40, 41, 42, 43,   ,   
01, 02, 03, 04, 05, 06, 07,   , 09,   ,   ,   ,   ,   , 15,   , 17,   , 19, 20,   , 22, 23, 24, 25, 26, 27,   ,   , 30,   , 32, 33, 34, 35, 36, 37, 38, 39, 40, 41,   , 43,   ,   
01, 02, 03, 04,   ,   , 07,   , 09,   ,   , 12, 13,   , 15, 16, 17,   , 19, 20,   ,   , 23, 24, 25, 26,   ,   , 29, 30, 31, 32, 33,   , 35, 36,   , 38, 39, 40, 41,   , 43,   ,   
01, 02, 03, 04,   ,   , 07,   , 09,   ,   ,   ,   , 14, 15, 16, 17, 18, 19, 20, 21,   , 23, 24, 25,   ,   ,   , 29, 30, 31, 32, 33,   , 35, 36,   , 38, 39,   , 41,   , 43, 44,   
01, 02, 03, 04,   ,   , 07, 08, 09,   ,   ,   ,   , 14, 15, 16, 17, 18,   , 20, 21,   , 23, 24, 25,   ,   , 28, 29,   , 31, 32, 33,   , 35,   ,   ,   , 39,   , 41, 42, 43, 44, 45
01, 02, 03, 04, 05, 06, 07, 08, 09,   ,   ,   ,   , 14, 15,   ,   , 18,   , 20, 21,   , 23,   , 25,   , 27,   , 29,   , 31, 32, 33, 34, 35,   , 37,   , 39,   , 41, 42, 43, 44, 45
  , 02,   , 04, 05, 06, 07, 08, 09, 10,   ,   , 13, 14, 15,   ,   , 18,   , 20, 21,   , 23,   , 25, 26, 27,   , 29,   , 31, 32, 33, 34, 35,   , 37,   , 39,   , 41, 42, 43, 44, 45
  , 02,   , 04, 05, 06, 07, 08, 09, 10,   ,   , 13, 14, 15,   ,   , 18, 19, 20, 21,   , 23,   ,   , 26, 27,   ,   ,   , 31, 32,   , 34, 35,   , 37, 38, 39,   , 41, 42, 43, 44, 45
  , 02,   , 04, 05, 06, 07, 08, 09, 10,   ,   , 13, 14,   , 16,   ,   , 19, 20, 21,   , 23, 24,   , 26, 27, 28,   , 30, 31, 32,   ,   , 35,   , 37, 38, 39,   , 41, 42, 43,   , 45
01, 02,   , 04, 05, 06, 07, 08, 09, 10, 11, 12, 13, 14,   ,   ,   ,   , 19, 20, 21,   , 23, 24,   , 26, 27,   ,   , 30, 31, 32,   ,   , 35,   ,   , 38, 39,   , 41, 42, 43,   ,   

======================================

Ngày 2018/08/03. Kết quả: 03,08,10,24,27,28
Cách lần trúng sau 20 lần quay
Bộ số: 01,03,04,07,08,09,10,11,12,13,14,15,16,17,18,19,20,22,23,24,25,27,28,33,34,35,36,39,40,41,44

10 bộ số trước đó:
01,   , 03, 04,   ,   , 07, 08, 09, 10, 11, 12, 13, 14, 15, 16, 17, 18, 19, 20,   , 22, 23, 24, 25,   , 27, 28,   ,   ,   ,   , 33, 34, 35, 36,   ,   , 39, 40, 41,   ,   , 44,   
01,   , 03, 04, 05, 06, 07, 08,   , 10, 11, 12, 13, 14, 15,   , 17,   , 19, 20,   , 22, 23, 24, 25,   , 27, 28, 29, 30,   ,   , 33, 34, 35, 36,   ,   , 39, 40,   ,   ,   , 44,   
01,   , 03, 04, 05, 06, 07,   ,   , 10, 11, 12, 13, 14, 15,   , 17,   , 19, 20,   , 22, 23,   , 25, 26,   , 28, 29, 30, 31,   , 33, 34, 35, 36,   ,   , 39,   ,   ,   , 43, 44,   
01, 02, 03, 04, 05, 06, 07,   ,   , 10, 11, 12,   ,   , 15,   , 17,   ,   ,   , 21, 22,   ,   , 25, 26,   , 28, 29, 30, 31, 32, 33, 34, 35, 36, 37,   , 39,   ,   , 42, 43, 44,   
01, 02, 03, 04, 05, 06, 07,   ,   ,   , 11, 12,   ,   , 15,   , 17, 18,   ,   , 21, 22,   ,   , 25,   ,   , 28, 29, 30, 31, 32, 33,   , 35, 36, 37, 38, 39,   , 41, 42, 43, 44,   
01, 02, 03, 04, 05, 06,   ,   , 09,   , 11, 12,   ,   ,   ,   , 17, 18,   ,   , 21, 22,   , 24, 25,   , 27, 28,   , 30,   , 32, 33,   , 35, 36, 37,   , 39, 40, 41, 42, 43, 44, 45
01, 02,   , 04, 05, 06,   ,   ,   ,   , 11, 12, 13,   ,   , 16, 17, 18,   ,   , 21, 22, 23, 24,   ,   ,   ,   ,   , 30,   , 32, 33,   , 35, 36, 37,   , 39, 40, 41, 42, 43, 44, 45
01, 02,   , 04, 05, 06,   ,   ,   , 10, 11,   , 13, 14,   , 16, 17, 18, 19,   , 21, 22, 23, 24,   ,   ,   ,   ,   , 30,   , 32, 33, 34, 35, 36, 37,   ,   , 40, 41, 42,   , 44, 45
01,   ,   , 04, 05, 06,   ,   ,   ,   , 11,   , 13, 14, 15, 16, 17, 18, 19, 20, 21, 22, 23, 24,   ,   ,   ,   ,   , 30, 31, 32, 33, 34, 35, 36, 37, 38,   , 40, 41, 42,   ,   , 45
01,   , 03, 04, 05, 06,   ,   , 09,   , 11,   , 13, 14, 15, 16, 17, 18, 19, 20, 21,   , 23, 24, 25,   , 27,   ,   , 30, 31, 32,   ,   , 35, 36, 37,   ,   , 40, 41,   ,   ,   , 45
01,   ,   , 04, 05, 06,   ,   , 09,   , 11, 12, 13, 14, 15, 16, 17, 18, 19, 20, 21,   , 23, 24, 25,   ,   ,   , 29, 30, 31, 32,   ,   , 35, 36, 37,   , 39, 40, 41,   ,   ,   , 45

======================================

Ngày 2018/04/04. Kết quả: 02,03,06,16,41,44
Cách lần trúng sau 52 lần quay
Bộ số: 01,02,03,05,06,08,09,10,13,14,15,16,17,19,20,21,22,23,25,26,27,29,30,32,36,37,38,40,41,44,45

10 bộ số trước đó:
01, 02, 03,   , 05, 06,   , 08, 09, 10,   ,   , 13, 14, 15, 16, 17,   , 19, 20, 21, 22, 23,   , 25, 26, 27,   , 29, 30,   , 32,   ,   ,   , 36, 37, 38,   , 40, 41,   ,   , 44, 45
01, 02, 03,   , 05, 06,   , 08, 09,   ,   ,   ,   , 14, 15, 16, 17,   , 19, 20, 21,   , 23, 24, 25, 26, 27,   , 29, 30,   , 32, 33,   ,   , 36, 37,   , 39, 40, 41,   ,   , 44, 45
01, 02,   ,   , 05,   , 07, 08, 09,   , 11,   ,   , 14, 15, 16, 17,   , 19, 20, 21,   , 23, 24, 25,   , 27, 28, 29, 30,   , 32, 33,   ,   , 36, 37,   , 39, 40, 41,   , 43, 44, 45
01, 02,   ,   , 05,   , 07, 08, 09,   , 11,   ,   , 14, 15, 16, 17, 18,   , 20, 21,   , 23, 24, 25,   , 27, 28, 29, 30, 31, 32, 33, 34,   , 36, 37,   , 39,   ,   ,   , 43,   , 45
01, 02,   , 04, 05,   , 07, 08, 09, 10, 11,   , 13,   , 15, 16, 17, 18,   , 20,   ,   , 23,   , 25,   , 27,   , 29, 30,   , 32, 33, 34,   , 36, 37,   , 39,   ,   , 42, 43,   , 45
01, 02, 03, 04, 05,   , 07,   , 09, 10, 11, 12,   ,   , 15, 16,   , 18,   ,   ,   , 22, 23,   , 25, 26, 27,   , 29, 30,   , 32, 33,   , 35, 36, 37,   , 39,   ,   , 42, 43,   , 45
01, 02, 03, 04, 05,   , 07,   , 09, 10, 11,   ,   ,   , 15, 16,   , 18, 19,   ,   , 22,   ,   , 25, 26,   ,   , 29, 30,   , 32, 33,   , 35, 36, 37, 38, 39,   , 41, 42, 43, 44, 45
  , 02, 03, 04, 05,   , 07,   , 09, 10, 11,   ,   ,   , 15, 16,   , 18,   ,   ,   , 22,   , 24, 25,   ,   , 28, 29, 30,   , 32, 33,   , 35, 36, 37, 38, 39, 40,   ,   , 43, 44, 45
  , 02, 03, 04,   , 06, 07, 08, 09,   , 11,   ,   ,   , 15, 16, 17, 18,   , 20,   , 22,   , 24,   ,   ,   , 28, 29, 30,   , 32, 33,   , 35, 36, 37, 38, 39, 40,   ,   , 43,   , 45
  , 02, 03, 04,   , 06, 07,   , 09,   , 11, 12,   ,   , 15, 16, 17, 18,   , 20, 21, 22, 23, 24,   ,   , 27, 28, 29, 30,   , 32, 33, 34, 35, 36,   , 38, 39,   ,   ,   , 43,   , 45
01, 02, 03,   ,   , 06, 07,   , 09,   ,   , 12,   , 14, 15, 16, 17, 18,   , 20, 21, 22, 23, 24,   , 26, 27, 28, 29, 30,   ,   , 33, 34, 35, 36,   , 38, 39,   , 41, 42, 43,   , 45

======================================

Ngày 2018/03/02. Kết quả: 03,07,15,27,41,45
Cách lần trúng sau 14 lần quay
Bộ số: 01,02,03,04,06,07,09,11,13,14,15,18,20,22,24,25,26,27,28,31,32,33,34,35,38,39,41,43,44,45

10 bộ số trước đó:
01, 02, 03, 04,   , 06, 07,   , 09,   , 11,   , 13, 14, 15,   ,   , 18,   , 20,   , 22,   , 24, 25, 26, 27, 28,   ,   , 31, 32, 33, 34, 35,   ,   , 38, 39,   , 41,   , 43, 44, 45
01, 02, 03, 04,   , 06, 07,   , 09,   , 11,   , 13, 14, 15,   , 17,   ,   , 20, 21, 22,   ,   , 25,   , 27, 28,   ,   , 31, 32,   , 34, 35, 36,   , 38, 39, 40, 41,   , 43, 44, 45
  , 02, 03, 04,   , 06, 07, 08, 09, 10, 11, 12, 13,   , 15,   , 17,   ,   , 20, 21, 22,   ,   , 25,   , 27, 28,   , 30, 31, 32,   , 34, 35,   ,   ,   , 39, 40, 41, 42, 43, 44, 45
  , 02, 03, 04,   , 06, 07, 08, 09, 10, 11,   , 13,   , 15,   , 17,   , 19, 20, 21, 22,   ,   , 25,   , 27, 28,   , 30,   ,   ,   ,   ,   ,   , 37,   , 39, 40, 41, 42,   , 44, 45
  , 02, 03, 04,   , 06, 07, 08, 09, 10, 11,   , 13,   , 15,   , 17, 18,   , 20, 21, 22, 23, 24, 25, 26,   , 28, 29, 30,   ,   , 33,   ,   ,   , 37,   , 39, 40,   , 42,   , 44,   
01,   , 03, 04,   , 06, 07, 08, 09,   , 11,   , 13,   , 15, 16, 17, 18,   , 20, 21, 22,   , 24, 25, 26,   , 28, 29, 30,   ,   , 33,   ,   , 36,   , 38, 39, 40,   , 42,   , 44,   
01,   , 03, 04,   , 06,   , 08, 09,   , 11, 12, 13,   , 15, 16, 17,   ,   , 20, 21, 22,   , 24, 25,   ,   , 28, 29,   , 31,   , 33, 34, 35,   ,   , 38, 39, 40,   , 42, 43, 44,   
  ,   , 03, 04,   , 06,   , 08, 09,   , 11, 12,   ,   , 15, 16, 17,   ,   , 20, 21, 22,   , 24, 25,   ,   , 28, 29,   , 31, 32, 33, 34, 35,   ,   , 38, 39,   , 41, 42, 43, 44,   
  ,   , 03, 04,   , 06,   , 08, 09, 10, 11, 12,   ,   , 15, 16, 17,   , 19, 20, 21, 22, 23, 24, 25,   ,   ,   , 29,   , 31, 32, 33, 34, 35,   , 37, 38, 39,   , 41,   , 43, 44,   
  ,   , 03,   ,   , 06,   , 08,   ,   , 11, 12,   ,   , 15, 16, 17, 18, 19, 20, 21, 22, 23, 24, 25, 26,   ,   , 29,   , 31, 32, 33, 34, 35, 36, 37, 38, 39,   , 41,   , 43, 44,   
01,   , 03,   , 05, 06,   , 08,   ,   , 11,   , 13,   , 15, 16, 17, 18, 19, 20, 21, 22, 23, 24, 25,   ,   ,   , 29,   , 31, 32,   , 34, 35,   ,   , 38, 39,   , 41,   , 43, 44,   

======================================

Ngày 2018/02/21. Kết quả: 18,23,24,26,29,33
Cách lần trúng sau 4 lần quay
Bộ số: 02,03,04,06,07,08,09,10,11,13,15,17,18,20,21,22,23,24,25,26,28,29,30,33,37,39,40,42,44

10 bộ số trước đó:
  , 02, 03, 04,   , 06, 07, 08, 09, 10, 11,   , 13,   , 15,   , 17, 18,   , 20, 21, 22, 23, 24, 25, 26,   , 28, 29, 30,   ,   , 33,   ,   ,   , 37,   , 39, 40,   , 42,   , 44,   
01,   , 03, 04,   , 06, 07, 08, 09,   , 11,   , 13,   , 15, 16, 17, 18,   , 20, 21, 22,   , 24, 25, 26,   , 28, 29, 30,   ,   , 33,   ,   , 36,   , 38, 39, 40,   , 42,   , 44,   
01,   , 03, 04,   , 06,   , 08, 09,   , 11, 12, 13,   , 15, 16, 17,   ,   , 20, 21, 22,   , 24, 25,   ,   , 28, 29,   , 31,   , 33, 34, 35,   ,   , 38, 39, 40,   , 42, 43, 44,   
  ,   , 03, 04,   , 06,   , 08, 09,   , 11, 12,   ,   , 15, 16, 17,   ,   , 20, 21, 22,   , 24, 25,   ,   , 28, 29,   , 31, 32, 33, 34, 35,   ,   , 38, 39,   , 41, 42, 43, 44,   
  ,   , 03, 04,   , 06,   , 08, 09, 10, 11, 12,   ,   , 15, 16, 17,   , 19, 20, 21, 22, 23, 24, 25,   ,   ,   , 29,   , 31, 32, 33, 34, 35,   , 37, 38, 39,   , 41,   , 43, 44,   
  ,   , 03,   ,   , 06,   , 08,   ,   , 11, 12,   ,   , 15, 16, 17, 18, 19, 20, 21, 22, 23, 24, 25, 26,   ,   , 29,   , 31, 32, 33, 34, 35, 36, 37, 38, 39,   , 41,   , 43, 44,   
01,   , 03,   , 05, 06,   , 08,   ,   , 11,   , 13,   , 15, 16, 17, 18, 19, 20, 21, 22, 23, 24, 25,   ,   ,   , 29,   , 31, 32,   , 34, 35,   ,   , 38, 39,   , 41,   , 43, 44,   
  , 02, 03,   , 05, 06,   , 08,   ,   , 11,   , 13, 14, 15, 16, 17,   , 19, 20, 21, 22, 23, 24, 25,   ,   ,   , 29,   , 31, 32,   , 34, 35,   ,   , 38, 39,   , 41, 42, 43,   , 45
  , 02, 03, 04,   ,   , 07, 08,   , 10, 11,   , 13, 14, 15, 16, 17,   , 19, 20, 21, 22, 23,   , 25,   ,   ,   , 29, 30, 31, 32,   , 34, 35,   ,   , 38, 39, 40, 41,   , 43,   ,   
  , 02, 03, 04,   ,   , 07, 08,   ,   ,   , 12, 13, 14, 15, 16, 17,   , 19, 20, 21, 22, 23,   , 25, 26, 27,   , 29, 30, 31,   ,   , 34, 35,   ,   , 38, 39, 40, 41,   , 43,   ,   
  ,   , 03,   ,   ,   , 07, 08, 09,   ,   , 12, 13, 14, 15, 16, 17, 18, 19, 20, 21, 22, 23,   , 25, 26,   ,   , 29, 30,   ,   ,   , 34, 35,   ,   , 38, 39, 40, 41,   , 43, 44,   

======================================

Ngày 2017/12/06. Kết quả: 03,07,29,31,34,43
Cách lần trúng sau 32 lần quay
Bộ số: 01,02,03,04,05,06,07,11,12,13,14,16,17,20,21,22,24,25,28,29,31,32,33,34,36,40,42,43,44

10 bộ số trước đó:
01, 02, 03, 04, 05, 06, 07,   ,   ,   , 11, 12, 13, 14,   , 16, 17,   ,   , 20, 21, 22,   , 24, 25,   ,   , 28, 29,   , 31, 32, 33, 34,   , 36,   ,   ,   , 40,   , 42, 43, 44,   
01, 02, 03,   , 05, 06, 07, 08, 09,   , 11,   , 13, 14, 15, 16,   , 18,   , 20, 21, 22,   , 24, 25,   , 27, 28, 29,   , 31, 32, 33,   ,   , 36,   ,   ,   , 40,   , 42, 43, 44,   
01, 02, 03,   , 05, 06, 07, 08, 09, 10, 11,   , 13,   , 15, 16,   , 18,   , 20, 21, 22,   ,   , 25,   , 27, 28, 29, 30, 31,   , 33,   , 35,   ,   ,   , 39, 40,   , 42, 43, 44,   
01, 02, 03,   ,   ,   , 07, 08,   , 10, 11,   , 13,   , 15, 16,   , 18,   , 20, 21, 22,   ,   , 25, 26,   , 28, 29, 30, 31,   , 33,   ,   ,   , 37, 38, 39, 40, 41, 42, 43, 44,   
01, 02, 03, 04,   ,   , 07, 08,   , 10, 11, 12, 13,   , 15, 16, 17, 18, 19,   , 21, 22,   ,   , 25, 26,   , 28, 29,   , 31,   ,   ,   ,   ,   , 37, 38, 39, 40,   , 42,   , 44,   
01, 02, 03, 04,   ,   , 07, 08,   , 10,   , 12,   ,   , 15, 16, 17,   ,   ,   , 21, 22,   , 24, 25, 26,   , 28, 29,   ,   , 32,   , 34,   , 36, 37, 38, 39, 40,   , 42,   , 44,   
  , 02, 03, 04, 05, 06, 07, 08,   , 10,   , 12,   ,   ,   , 16, 17,   ,   ,   , 21, 22, 23, 24, 25, 26,   , 28, 29,   ,   , 32,   , 34, 35, 36, 37, 38, 39, 40,   , 42,   , 44,   
  , 02, 03, 04, 05, 06, 07, 08,   , 10,   , 12,   , 14,   , 16, 17,   ,   , 20, 21,   , 23, 24, 25,   ,   , 28, 29, 30,   , 32,   , 34, 35, 36,   , 38, 39,   , 41,   ,   ,   ,   
  , 02, 03,   , 05, 06, 07, 08,   , 10, 11, 12, 13, 14,   , 16, 17, 18,   , 20,   ,   , 23,   , 25,   ,   , 28, 29, 30, 31, 32,   , 34,   , 36,   , 38, 39,   , 41,   ,   ,   , 45
  , 02, 03,   , 05, 06, 07, 08, 09, 10, 11, 12, 13, 14, 15, 16, 17,   ,   , 20,   ,   ,   ,   , 25,   , 27, 28, 29, 30, 31, 32, 33, 34,   , 36,   , 38, 39,   ,   ,   , 43,   , 45
  , 02,   ,   , 05, 06, 07, 08, 09, 10, 11, 12, 13, 14, 15, 16,   ,   ,   , 20,   , 22,   ,   , 25, 26, 27, 28, 29, 30, 31, 32, 33, 34,   , 36, 37,   ,   ,   ,   , 42, 43,   , 45

======================================

Ngày 2017/09/20. Kết quả: 05,07,13,17,23,33
Cách lần trúng sau 33 lần quay
Bộ số: 01,02,04,05,07,09,10,12,13,14,17,18,20,21,22,23,25,26,27,28,29,30,31,32,33,34,36,39,41,42,44,45

10 bộ số trước đó:
01, 02,   , 04, 05,   , 07,   , 09, 10,   , 12, 13, 14,   ,   , 17, 18,   , 20, 21, 22, 23,   , 25, 26, 27, 28, 29, 30, 31, 32, 33, 34,   , 36,   ,   , 39,   , 41, 42,   , 44, 45
  , 02,   , 04, 05, 06, 07,   , 09, 10, 11, 12, 13, 14, 15, 16, 17, 18,   , 20, 21,   ,   ,   , 25, 26, 27, 28, 29, 30, 31, 32, 33, 34,   ,   ,   ,   , 39,   , 41,   ,   , 44, 45
  ,   ,   , 04, 05, 06, 07,   , 09, 10, 11, 12, 13, 14,   , 16,   , 18,   , 20, 21,   ,   , 24, 25, 26, 27, 28, 29, 30, 31,   , 33, 34,   ,   , 37,   , 39,   ,   ,   , 43,   , 45
  ,   , 03, 04,   , 06, 07, 08, 09, 10, 11, 12, 13, 14,   , 16,   , 18, 19,   , 21,   ,   ,   , 25, 26, 27, 28, 29, 30, 31,   , 33, 34,   ,   , 37, 38, 39, 40,   ,   , 43,   , 45
01,   , 03, 04,   ,   , 07, 08, 09, 10, 11, 12, 13, 14,   , 16,   , 18, 19,   , 21, 22, 23,   , 25,   , 27,   , 29, 30, 31,   , 33, 34,   ,   , 37, 38, 39, 40,   ,   ,   ,   , 45
01, 02, 03, 04,   ,   , 07, 08,   ,   , 11, 12,   , 14, 15, 16, 17, 18,   ,   , 21, 22,   ,   , 25,   , 27,   , 29, 30, 31,   , 33, 34,   ,   , 37, 38, 39, 40,   ,   ,   , 44, 45
01, 02, 03, 04,   ,   , 07,   ,   ,   ,   , 12,   , 14, 15, 16, 17, 18,   , 20, 21, 22,   , 24, 25,   , 27,   , 29, 30, 31, 32, 33, 34,   , 36, 37, 38, 39, 40,   , 42,   , 44, 45
01, 02,   , 04,   , 06,   ,   ,   ,   ,   , 12,   , 14, 15,   , 17, 18,   , 20, 21, 22,   , 24, 25, 26, 27,   , 29, 30, 31,   , 33, 34,   ,   , 37, 38,   , 40,   , 42, 43, 44, 45
01,   ,   , 04,   , 06,   ,   , 09, 10,   ,   , 13, 14, 15,   , 17, 18, 19, 20, 21, 22, 23, 24, 25, 26,   ,   , 29, 30, 31,   , 33, 34,   ,   , 37, 38,   ,   ,   , 42, 43,   , 45
01,   ,   , 04, 05,   ,   , 08, 09, 10, 11,   , 13, 14, 15,   , 17, 18, 19, 20, 21, 22, 23, 24,   , 26,   , 28, 29, 30, 31,   , 33,   , 35,   , 37, 38,   ,   , 41,   ,   ,   , 45
01,   , 03, 04,   ,   ,   , 08, 09, 10, 11,   , 13, 14,   , 16, 17,   , 19, 20,   , 22, 23, 24,   , 26,   , 28, 29, 30, 31, 32, 33,   , 35, 36,   , 38, 39,   , 41,   ,   ,   ,   

======================================

Ngày 2017/08/30. Kết quả: 05,08,11,28,35,41
Cách lần trúng sau 9 lần quay
Bộ số: 01,04,05,08,09,10,11,13,14,15,17,18,19,20,21,22,23,24,26,28,29,30,31,33,35,37,38,41,45

10 bộ số trước đó:
01,   ,   , 04, 05,   ,   , 08, 09, 10, 11,   , 13, 14, 15,   , 17, 18, 19, 20, 21, 22, 23, 24,   , 26,   , 28, 29, 30, 31,   , 33,   , 35,   , 37, 38,   ,   , 41,   ,   ,   , 45
01,   , 03, 04,   ,   ,   , 08, 09, 10, 11,   , 13, 14,   , 16, 17,   , 19, 20,   , 22, 23, 24,   , 26,   , 28, 29, 30, 31, 32, 33,   , 35, 36,   , 38, 39,   , 41,   ,   ,   ,   
01, 02,   ,   ,   ,   , 07, 08, 09, 10, 11, 12, 13, 14,   , 16, 17,   , 19, 20,   ,   , 23, 24,   , 26,   , 28, 29, 30, 31, 32, 33,   , 35, 36,   , 38, 39, 40, 41,   ,   , 44,   
01, 02,   ,   ,   ,   , 07, 08, 09, 10,   , 12, 13, 14,   , 16, 17,   ,   , 20,   ,   , 23, 24, 25, 26, 27, 28, 29, 30, 31, 32, 33,   , 35, 36,   , 38, 39, 40,   , 42, 43, 44,   
  , 02,   ,   , 05,   ,   , 08, 09, 10,   , 12, 13, 14,   ,   , 17,   ,   , 20, 21,   , 23, 24, 25, 26, 27, 28, 29, 30, 31, 32, 33,   , 35, 36,   , 38, 39, 40,   , 42, 43, 44, 45
  , 02,   , 04, 05,   ,   , 08, 09, 10,   ,   , 13, 14,   ,   , 17,   ,   , 20, 21,   , 23, 24, 25, 26, 27, 28, 29, 30, 31, 32, 33, 34,   ,   , 37, 38, 39, 40,   , 42, 43, 44, 45
  , 02,   , 04, 05,   ,   , 08, 09, 10,   ,   , 13, 14, 15,   , 17,   ,   , 20, 21,   , 23,   ,   , 26, 27, 28, 29, 30,   , 32, 33, 34,   ,   , 37, 38, 39, 40,   , 42, 43, 44, 45
  ,   , 03, 04, 05, 06, 07, 08,   ,   ,   ,   , 13, 14, 15, 16, 17, 18,   , 20,   ,   , 23,   ,   , 26, 27, 28, 29, 30,   , 32, 33, 34,   ,   , 37, 38, 39, 40,   , 42,   , 44, 45
01,   ,   , 04, 05, 06, 07, 08,   ,   ,   ,   ,   , 14, 15, 16, 17, 18,   , 20,   ,   ,   ,   ,   ,   , 27, 28, 29, 30,   , 32, 33, 34, 35, 36,   , 38, 39, 40, 41, 42,   , 44, 45
01,   ,   , 04, 05, 06,   , 08,   ,   ,   ,   ,   , 14, 15, 16,   , 18, 19, 20,   , 22,   , 24, 25,   , 27,   , 29, 30, 31, 32, 33, 34, 35, 36,   , 38, 39, 40, 41, 42,   , 44, 45
01, 02,   , 04, 05, 06,   ,   , 09,   , 11,   ,   , 14, 15, 16,   , 18, 19, 20, 21, 22,   ,   , 25,   , 27,   , 29, 30, 31, 32, 33, 34,   , 36,   , 38, 39, 40,   , 42,   ,   , 45

======================================

Ngày 2017/04/16. Kết quả: 06,07,18,29,32,44
Cách lần trúng sau 58 lần quay
Bộ số: 01,06,07,09,11,12,14,15,16,17,18,20,22,23,24,27,28,29,30,31,32,34,35,39,40,42,43,44,45

10 bộ số trước đó:
01,   ,   ,   ,   , 06, 07,   , 09,   , 11, 12,   , 14, 15, 16, 17, 18,   , 20,   , 22, 23, 24,   ,   , 27, 28, 29, 30, 31, 32,   , 34, 35,   ,   ,   , 39, 40,   , 42, 43, 44, 45
01,   ,   ,   ,   , 06, 07,   , 09, 10, 11, 12,   , 14, 15,   ,   , 18,   , 20,   , 22, 23, 24,   ,   , 27, 28, 29, 30, 31,   , 33, 34, 35, 36,   , 38, 39,   ,   , 42, 43, 44, 45
01, 02, 03,   ,   , 06, 07,   , 09, 10, 11, 12,   ,   , 15,   ,   , 18, 19,   ,   , 22,   , 24,   ,   , 27, 28, 29, 30, 31,   ,   , 34, 35, 36,   , 38, 39,   , 41, 42, 43, 44, 45
01, 02,   ,   ,   , 06,   , 08, 09, 10, 11,   ,   ,   , 15,   ,   , 18, 19,   ,   , 22,   , 24, 25, 26,   , 28, 29, 30, 31,   ,   , 34, 35, 36, 37, 38, 39,   , 41, 42, 43, 44, 45
  , 02,   ,   ,   , 06,   , 08, 09, 10,   ,   ,   ,   , 15, 16, 17, 18, 19,   ,   , 22,   , 24, 25, 26,   , 28, 29,   , 31, 32,   , 34, 35, 36, 37, 38, 39, 40, 41, 42, 43, 44, 45
  , 02,   ,   ,   , 06,   , 08, 09, 10,   ,   , 13, 14, 15, 16, 17, 18, 19,   , 21, 22, 23,   , 25,   ,   ,   , 29,   , 31, 32,   , 34, 35, 36,   , 38, 39, 40, 41, 42, 43, 44, 45
  , 02, 03,   ,   ,   , 07, 08, 09, 10,   ,   , 13, 14, 15, 16, 17, 18, 19,   , 21, 22,   ,   ,   ,   , 27,   ,   ,   , 31, 32, 33, 34, 35, 36,   , 38, 39, 40, 41, 42,   , 44, 45
01, 02, 03,   ,   ,   , 07, 08, 09,   , 11,   , 13,   , 15, 16, 17, 18, 19, 20, 21, 22,   ,   ,   ,   , 27,   ,   ,   , 31,   , 33, 34, 35, 36,   , 38, 39, 40, 41,   ,   , 44, 45
  , 02, 03, 04, 05,   , 07, 08,   ,   , 11,   , 13,   , 15, 16, 17, 18, 19, 20, 21, 22,   ,   ,   , 26, 27,   ,   ,   , 31,   ,   , 34, 35,   ,   , 38, 39, 40, 41,   ,   , 44, 45
  ,   , 03, 04, 05,   , 07, 08,   ,   , 11,   , 13,   , 15, 16, 17, 18, 19, 20, 21, 22, 23,   , 25, 26, 27,   , 29,   ,   ,   ,   , 34, 35,   ,   , 38, 39, 40, 41,   , 43, 44, 45
  ,   , 03, 04, 05,   ,   , 08,   , 10, 11,   , 13, 14, 15, 16, 17, 18, 19, 20, 21, 22, 23,   , 25, 26, 27,   , 29, 30,   , 32,   , 34, 35,   , 37, 38, 39, 40, 41, 42,   ,   ,   

======================================

Ngày 2017/03/24. Kết quả: 10,14,30,32,37,42
Cách lần trúng sau 10 lần quay
Bộ số: 03,04,05,08,10,11,13,14,15,16,17,18,19,20,21,22,23,25,26,27,29,30,32,34,35,37,38,39,40,41,42

10 bộ số trước đó:
  ,   , 03, 04, 05,   ,   , 08,   , 10, 11,   , 13, 14, 15, 16, 17, 18, 19, 20, 21, 22, 23,   , 25, 26, 27,   , 29, 30,   , 32,   , 34, 35,   , 37, 38, 39, 40, 41, 42,   ,   ,   
  ,   ,   , 04, 05,   ,   , 08,   ,   , 11,   , 13, 14, 15, 16, 17, 18, 19, 20, 21, 22, 23,   , 25, 26, 27, 28, 29, 30,   ,   , 33, 34, 35,   , 37, 38, 39,   , 41, 42,   ,   ,   
01, 02,   , 04, 05,   ,   , 08,   ,   ,   ,   , 13, 14, 15, 16, 17, 18, 19, 20, 21, 22, 23,   , 25, 26, 27, 28, 29,   ,   ,   , 33, 34,   , 36, 37, 38, 39,   , 41,   ,   ,   ,   
01, 02,   ,   , 05,   , 07, 08,   ,   ,   , 12, 13, 14, 15, 16, 17, 18, 19, 20,   , 22, 23, 24, 25, 26,   , 28, 29,   ,   ,   , 33, 34,   , 36, 37,   , 39,   , 41,   , 43,   , 45
01, 02, 03,   ,   ,   , 07, 08,   , 10,   , 12, 13,   , 15, 16, 17, 18, 19,   ,   , 22, 23, 24, 25, 26,   , 28, 29,   , 31,   , 33, 34,   , 36, 37,   , 39, 40, 41,   , 43,   , 45
01, 02, 03,   ,   , 06, 07, 08,   , 10,   , 12, 13,   , 15, 16, 17,   , 19,   ,   , 22, 23,   , 25,   ,   , 28, 29, 30, 31,   , 33, 34, 35, 36, 37,   ,   , 40, 41,   , 43,   ,   
01,   , 03,   ,   , 06, 07, 08, 09, 10,   , 12,   ,   , 15, 16, 17,   , 19,   ,   ,   ,   ,   , 25,   , 27, 28, 29, 30, 31,   , 33, 34, 35, 36, 37, 38,   , 40,   ,   , 43, 44,   
01,   ,   ,   , 05, 06, 07, 08, 09, 10, 11, 12,   , 14, 15, 16, 17,   , 19, 20,   ,   ,   ,   , 25,   , 27, 28, 29,   , 31, 32, 33, 34,   , 36, 37, 38,   , 40,   , 42, 43,   ,   
01,   ,   ,   , 05, 06,   , 08, 09, 10,   , 12,   , 14, 15,   , 17, 18,   , 20, 21,   ,   , 24, 25,   , 27, 28, 29,   , 31, 32, 33, 34,   , 36, 37,   ,   , 40,   , 42, 43,   , 45
01,   ,   ,   , 05, 06,   , 08, 09, 10,   , 12, 13, 14, 15,   , 17, 18,   , 20, 21, 22,   , 24, 25,   , 27, 28, 29,   , 31, 32, 33, 34,   , 36, 37,   ,   , 40, 41, 42, 43,   ,   
  ,   ,   ,   , 05, 06,   ,   , 09, 10,   , 12, 13, 14, 15,   , 17,   ,   , 20, 21, 22,   , 24, 25, 26, 27,   , 29, 30, 31, 32, 33, 34, 35, 36, 37,   ,   , 40, 41,   , 43,   ,   

======================================

Ngày 2017/03/08. Kết quả: 05,11,14,20,32,42
Cách lần trúng sau 7 lần quay
Bộ số: 01,05,06,07,08,09,10,11,12,14,15,16,17,19,20,25,27,28,29,31,32,33,34,36,37,38,40,42,43

10 bộ số trước đó:
01,   ,   ,   , 05, 06, 07, 08, 09, 10, 11, 12,   , 14, 15, 16, 17,   , 19, 20,   ,   ,   ,   , 25,   , 27, 28, 29,   , 31, 32, 33, 34,   , 36, 37, 38,   , 40,   , 42, 43,   ,   
01,   ,   ,   , 05, 06,   , 08, 09, 10,   , 12,   , 14, 15,   , 17, 18,   , 20, 21,   ,   , 24, 25,   , 27, 28, 29,   , 31, 32, 33, 34,   , 36, 37,   ,   , 40,   , 42, 43,   , 45
01,   ,   ,   , 05, 06,   , 08, 09, 10,   , 12, 13, 14, 15,   , 17, 18,   , 20, 21, 22,   , 24, 25,   , 27, 28, 29,   , 31, 32, 33, 34,   , 36, 37,   ,   , 40, 41, 42, 43,   ,   
  ,   ,   ,   , 05, 06,   ,   , 09, 10,   , 12, 13, 14, 15,   , 17,   ,   , 20, 21, 22,   , 24, 25, 26, 27,   , 29, 30, 31, 32, 33, 34, 35, 36, 37,   ,   , 40, 41,   , 43,   ,   
  ,   ,   ,   , 05, 06, 07,   , 09, 10, 11, 12, 13, 14, 15, 16,   ,   ,   , 20, 21, 22,   ,   ,   , 26, 27,   , 29, 30, 31, 32,   , 34,   , 36, 37, 38, 39, 40, 41,   , 43,   ,   
  , 02,   , 04, 05, 06, 07,   , 09, 10, 11,   , 13, 14,   , 16,   ,   , 19, 20, 21, 22, 23,   ,   , 26,   ,   , 29, 30, 31, 32,   , 34,   , 36,   , 38, 39, 40,   ,   , 43, 44, 45
  , 02, 03,   , 05, 06, 07, 08, 09, 10, 11,   , 13, 14,   ,   ,   , 18,   , 20, 21, 22, 23,   ,   , 26,   , 28,   ,   , 31, 32,   , 34,   , 36,   , 38, 39, 40,   , 42, 43, 44, 45
01, 02, 03,   , 05,   , 07, 08, 09, 10, 11,   , 13, 14,   ,   , 17, 18,   , 20,   , 22,   , 24,   , 26,   ,   ,   ,   , 31, 32, 33, 34, 35, 36,   , 38, 39, 40,   , 42, 43, 44, 45
01,   , 03,   , 05,   , 07, 08, 09,   , 11,   ,   , 14, 15,   , 17, 18,   ,   ,   , 22,   , 24, 25, 26,   ,   ,   ,   , 31, 32, 33, 34, 35, 36, 37, 38, 39, 40, 41, 42, 43, 44, 45
01,   , 03,   , 05,   , 07, 08, 09,   , 11,   ,   , 14,   , 16, 17, 18, 19,   ,   , 22,   , 24, 25,   , 27,   ,   , 30, 31,   , 33,   , 35, 36, 37,   , 39, 40, 41, 42, 43, 44, 45
  ,   , 03, 04, 05,   , 07, 08, 09,   ,   , 12,   , 14,   , 16, 17, 18, 19,   , 21, 22, 23, 24, 25,   , 27,   ,   , 30, 31,   , 33,   , 35, 36, 37,   , 39,   , 41, 42, 43, 44, 45

======================================

Ngày 2017/02/24. Kết quả: 02,04,19,23,44,45
Cách lần trúng sau 5 lần quay
Bộ số: 02,04,05,06,07,09,10,11,13,14,16,19,20,21,22,23,26,29,30,31,32,34,36,38,39,40,43,44,45

10 bộ số trước đó:
  , 02,   , 04, 05, 06, 07,   , 09, 10, 11,   , 13, 14,   , 16,   ,   , 19, 20, 21, 22, 23,   ,   , 26,   ,   , 29, 30, 31, 32,   , 34,   , 36,   , 38, 39, 40,   ,   , 43, 44, 45
  , 02, 03,   , 05, 06, 07, 08, 09, 10, 11,   , 13, 14,   ,   ,   , 18,   , 20, 21, 22, 23,   ,   , 26,   , 28,   ,   , 31, 32,   , 34,   , 36,   , 38, 39, 40,   , 42, 43, 44, 45
01, 02, 03,   , 05,   , 07, 08, 09, 10, 11,   , 13, 14,   ,   , 17, 18,   , 20,   , 22,   , 24,   , 26,   ,   ,   ,   , 31, 32, 33, 34, 35, 36,   , 38, 39, 40,   , 42, 43, 44, 45
01,   , 03,   , 05,   , 07, 08, 09,   , 11,   ,   , 14, 15,   , 17, 18,   ,   ,   , 22,   , 24, 25, 26,   ,   ,   ,   , 31, 32, 33, 34, 35, 36, 37, 38, 39, 40, 41, 42, 43, 44, 45
01,   , 03,   , 05,   , 07, 08, 09,   , 11,   ,   , 14,   , 16, 17, 18, 19,   ,   , 22,   , 24, 25,   , 27,   ,   , 30, 31,   , 33,   , 35, 36, 37,   , 39, 40, 41, 42, 43, 44, 45
  ,   , 03, 04, 05,   , 07, 08, 09,   ,   , 12,   , 14,   , 16, 17, 18, 19,   , 21, 22, 23, 24, 25,   , 27,   ,   , 30, 31,   , 33,   , 35, 36, 37,   , 39,   , 41, 42, 43, 44, 45
  , 02, 03, 04, 05, 06, 07,   , 09, 10,   , 12, 13, 14,   , 16,   , 18, 19, 20, 21, 22, 23, 24, 25,   , 27, 28,   , 30,   ,   ,   ,   , 35, 36, 37,   ,   ,   , 41, 42, 43, 44, 45
  ,   , 03, 04, 05, 06, 07,   , 09,   ,   , 12, 13, 14, 15, 16,   ,   , 19, 20, 21,   , 23, 24, 25,   , 27, 28,   , 30,   ,   ,   ,   , 35, 36, 37, 38,   ,   , 41, 42, 43, 44, 45
01,   , 03, 04,   , 06, 07,   , 09,   ,   , 12,   , 14, 15, 16,   ,   , 19, 20,   ,   , 23, 24, 25, 26,   , 28,   , 30,   ,   ,   , 34, 35, 36, 37, 38,   , 40, 41, 42, 43, 44,   
01,   , 03, 04,   ,   , 07, 08,   ,   ,   , 12,   ,   , 15, 16, 17,   , 19, 20,   ,   , 23, 24, 25, 26,   ,   ,   ,   , 31, 32,   , 34, 35, 36, 37, 38, 39, 40, 41, 42, 43, 44,   
  , 02, 03, 04,   ,   , 07, 08,   , 10, 11, 12,   ,   , 15, 16, 17,   , 19,   ,   ,   , 23, 24, 25,   ,   ,   ,   ,   , 31, 32, 33, 34, 35, 36, 37, 38, 39, 40, 41, 42, 43, 44,   

======================================

Ngày 2017/02/10. Kết quả: 02,06,10,13,20,28
Cách lần trúng sau 6 lần quay
Bộ số: 02,03,04,05,06,07,09,10,12,13,14,16,18,19,20,21,22,23,24,25,27,28,30,35,36,37,41,42,43,44,45

10 bộ số trước đó:
  , 02, 03, 04, 05, 06, 07,   , 09, 10,   , 12, 13, 14,   , 16,   , 18, 19, 20, 21, 22, 23, 24, 25,   , 27, 28,   , 30,   ,   ,   ,   , 35, 36, 37,   ,   ,   , 41, 42, 43, 44, 45
  ,   , 03, 04, 05, 06, 07,   , 09,   ,   , 12, 13, 14, 15, 16,   ,   , 19, 20, 21,   , 23, 24, 25,   , 27, 28,   , 30,   ,   ,   ,   , 35, 36, 37, 38,   ,   , 41, 42, 43, 44, 45
01,   , 03, 04,   , 06, 07,   , 09,   ,   , 12,   , 14, 15, 16,   ,   , 19, 20,   ,   , 23, 24, 25, 26,   , 28,   , 30,   ,   ,   , 34, 35, 36, 37, 38,   , 40, 41, 42, 43, 44,   
01,   , 03, 04,   ,   , 07, 08,   ,   ,   , 12,   ,   , 15, 16, 17,   , 19, 20,   ,   , 23, 24, 25, 26,   ,   ,   ,   , 31, 32,   , 34, 35, 36, 37, 38, 39, 40, 41, 42, 43, 44,   
  , 02, 03, 04,   ,   , 07, 08,   , 10, 11, 12,   ,   , 15, 16, 17,   , 19,   ,   ,   , 23, 24, 25,   ,   ,   ,   ,   , 31, 32, 33, 34, 35, 36, 37, 38, 39, 40, 41, 42, 43, 44,   
  , 02, 03, 04, 05,   , 07, 08,   , 10,   , 12, 13,   , 15, 16, 17,   , 19,   ,   ,   , 23, 24, 25,   , 27,   ,   ,   ,   ,   , 33,   , 35, 36,   , 38, 39, 40, 41, 42, 43, 44, 45
  , 02, 03, 04, 05, 06, 07, 08, 09, 10,   , 12, 13, 14, 15, 16, 17, 18, 19,   ,   ,   , 23, 24, 25,   , 27,   ,   , 30,   ,   , 33,   ,   , 36,   , 38, 39, 40, 41, 42,   , 44, 45
  , 02, 03, 04,   , 06, 07, 08, 09, 10,   , 12, 13, 14, 15, 16, 17, 18, 19, 20, 21,   , 23, 24,   ,   ,   ,   ,   , 30,   ,   , 33,   ,   , 36,   , 38, 39, 40, 41, 42,   , 44, 45
01, 02, 03, 04,   , 06, 07, 08, 09, 10,   ,   , 13, 14, 15, 16, 17, 18, 19, 20, 21,   , 23,   ,   ,   ,   ,   ,   , 30,   ,   , 33, 34,   , 36,   , 38,   , 40, 41, 42,   , 44, 45
01,   , 03, 04,   , 06, 07,   , 09, 10, 11,   , 13, 14, 15, 16, 17, 18, 19, 20,   , 22, 23,   ,   , 26,   , 28,   , 30,   ,   , 33, 34, 35, 36,   , 38,   , 40, 41, 42,   , 44,   
01,   , 03, 04, 05, 06, 07,   , 09, 10, 11,   , 13, 14, 15, 16, 17,   , 19, 20,   , 22, 23,   , 25, 26, 27, 28,   , 30, 31,   , 33, 34, 35, 36,   , 38,   , 40, 41, 42, 43, 44,   

======================================

Ngày 2016/12/04. Kết quả: 03,05,13,27,38,44
Cách lần trúng sau 28 lần quay
Bộ số: 01,02,03,04,05,07,08,09,10,11,13,14,19,21,24,25,27,28,29,31,32,35,36,38,39,40,43,44,45

10 bộ số trước đó:
01, 02, 03, 04, 05,   , 07, 08, 09, 10, 11,   , 13, 14,   ,   ,   ,   , 19,   , 21,   ,   , 24, 25,   , 27, 28, 29,   , 31, 32,   ,   , 35, 36,   , 38, 39, 40,   ,   , 43, 44, 45
01, 02,   ,   , 05,   , 07, 08, 09, 10, 11,   , 13, 14,   ,   ,   ,   , 19,   , 21,   ,   , 24,   , 26, 27, 28, 29,   ,   , 32, 33, 34, 35, 36,   , 38, 39,   ,   , 42, 43, 44, 45
01,   ,   ,   , 05, 06, 07, 08, 09, 10, 11,   , 13, 14, 15,   ,   ,   , 19, 20, 21,   ,   ,   ,   , 26, 27,   , 29,   ,   , 32, 33, 34, 35, 36,   , 38, 39,   , 41, 42, 43, 44, 45
01,   ,   ,   , 05, 06, 07, 08,   , 10, 11, 12, 13, 14, 15, 16, 17, 18, 19, 20, 21,   ,   ,   ,   , 26, 27,   , 29, 30,   , 32,   , 34, 35, 36,   ,   , 39,   ,   ,   , 43, 44, 45
01,   , 03, 04, 05, 06, 07, 08,   , 10,   ,   , 13, 14, 15,   , 17, 18, 19, 20, 21,   ,   ,   , 25,   , 27,   , 29, 30,   , 32,   , 34, 35, 36,   ,   , 39, 40,   ,   , 43, 44, 45
  , 02, 03, 04, 05, 06, 07, 08,   , 10,   ,   , 13, 14, 15,   ,   , 18, 19, 20, 21, 22,   ,   , 25,   , 27,   , 29, 30,   , 32,   , 34, 35, 36, 37,   , 39, 40,   ,   ,   ,   , 45
  , 02, 03, 04, 05, 06, 07, 08,   , 10,   ,   , 13, 14, 15,   ,   , 18, 19, 20, 21, 22,   ,   ,   ,   , 27,   , 29, 30,   , 32, 33,   , 35,   , 37, 38, 39, 40, 41, 42,   ,   ,   
  , 02, 03, 04, 05, 06, 07, 08,   ,   ,   , 12, 13, 14, 15, 16,   , 18, 19, 20, 21,   ,   , 24,   , 26, 27,   , 29,   , 31, 32, 33,   , 35,   , 37, 38, 39, 40, 41, 42,   ,   ,   
01,   , 03, 04, 05, 06, 07, 08, 09,   ,   , 12, 13,   , 15, 16,   , 18, 19, 20, 21,   ,   ,   ,   , 26, 27, 28, 29,   , 31, 32, 33,   , 35,   , 37, 38, 39, 40, 41, 42, 43, 44,   
01,   , 03,   , 05, 06, 07, 08, 09,   , 11, 12, 13,   ,   ,   ,   , 18, 19,   , 21,   ,   ,   ,   ,   , 27, 28, 29,   , 31, 32, 33, 34, 35,   , 37, 38, 39, 40,   , 42, 43, 44, 45
01,   , 03,   ,   , 06, 07, 08, 09,   , 11, 12,   ,   ,   ,   , 17, 18, 19,   , 21,   , 23,   ,   ,   , 27,   , 29,   , 31,   , 33, 34, 35, 36, 37, 38, 39, 40,   , 42, 43, 44, 45

======================================

Ngày 2016/11/06. Kết quả: 04,15,16,20,26,41
Cách lần trúng sau 12 lần quay
Bộ số: 01,02,04,06,09,11,14,15,16,17,18,19,20,21,23,26,27,29,30,31,33,34,35,36,37,38,39,41,42,43,45

10 bộ số trước đó:
01, 02,   , 04,   , 06,   ,   , 09,   , 11,   ,   , 14, 15, 16, 17, 18, 19, 20, 21,   , 23,   ,   , 26, 27,   , 29, 30, 31,   , 33, 34, 35, 36, 37, 38, 39,   , 41, 42, 43,   , 45
01, 02,   , 04,   , 06,   ,   , 09,   ,   ,   ,   ,   , 15,   , 17, 18, 19, 20, 21,   , 23, 24,   , 26, 27,   , 29, 30, 31, 32, 33, 34, 35, 36, 37,   , 39,   , 41, 42, 43,   , 45
  , 02, 03, 04, 05, 06,   ,   , 09,   ,   ,   ,   ,   , 15,   , 17,   , 19, 20,   , 22, 23, 24,   , 26, 27,   , 29, 30, 31, 32, 33, 34, 35, 36, 37,   , 39,   , 41, 42, 43,   , 45
  ,   , 03, 04,   , 06, 07,   , 09,   ,   ,   ,   ,   , 15,   , 17,   , 19, 20,   ,   , 23, 24, 25, 26, 27,   , 29, 30, 31, 32, 33, 34, 35, 36, 37,   , 39,   , 41, 42, 43, 44, 45
  ,   , 03, 04,   , 06, 07,   , 09, 10, 11,   , 13, 14, 15,   ,   ,   , 19, 20,   ,   , 23, 24, 25, 26, 27,   , 29,   , 31,   , 33,   , 35, 36, 37,   , 39,   , 41, 42, 43, 44, 45
01,   , 03, 04,   , 06, 07, 08, 09, 10, 11,   ,   , 14,   ,   ,   ,   , 19, 20,   ,   , 23, 24, 25, 26, 27, 28, 29,   , 31,   , 33,   , 35, 36, 37,   , 39,   ,   , 42, 43, 44, 45
01,   , 03, 04,   , 06, 07, 08, 09, 10, 11, 12,   , 14,   ,   ,   ,   , 19, 20,   , 22, 23, 24, 25, 26, 27, 28, 29,   ,   ,   ,   ,   , 35, 36, 37,   , 39, 40,   ,   , 43, 44, 45
01,   ,   , 04,   , 06,   , 08,   , 10, 11, 12,   , 14,   , 16,   ,   , 19, 20,   , 22, 23, 24, 25, 26, 27,   , 29, 30,   , 32,   , 34, 35, 36, 37,   ,   , 40,   ,   , 43, 44, 45
01,   ,   , 04,   , 06,   ,   ,   , 10, 11, 12, 13, 14,   ,   , 17,   ,   , 20,   , 22, 23, 24,   , 26, 27,   , 29, 30,   , 32,   , 34, 35, 36, 37,   ,   , 40, 41,   , 43, 44, 45
01,   ,   , 04, 05, 06,   ,   ,   , 10, 11, 12, 13, 14,   ,   , 17,   ,   ,   , 21, 22, 23, 24,   , 26, 27,   , 29, 30, 31,   ,   , 34, 35, 36, 37, 38,   , 40, 41, 42, 43,   , 45
01,   , 03, 04, 05, 06, 07,   , 09, 10, 11, 12, 13, 14,   ,   , 17, 18,   ,   , 21, 22, 23,   ,   , 26,   , 28, 29, 30, 31,   ,   ,   , 35, 36, 37, 38, 39, 40, 41, 42, 43,   ,   

======================================

Ngày 2016/10/14. Kết quả: 03,07,09,18,28,39
Cách lần trúng sau 10 lần quay
Bộ số: 01,03,04,05,06,07,09,10,11,12,13,14,17,18,21,22,23,26,28,29,30,31,35,36,37,38,39,40,41,42,43

10 bộ số trước đó:
01,   , 03, 04, 05, 06, 07,   , 09, 10, 11, 12, 13, 14,   ,   , 17, 18,   ,   , 21, 22, 23,   ,   , 26,   , 28, 29, 30, 31,   ,   ,   , 35, 36, 37, 38, 39, 40, 41, 42, 43,   ,   
01,   , 03, 04,   ,   , 07, 08, 09, 10, 11, 12, 13, 14,   , 16, 17, 18,   ,   , 21, 22, 23,   ,   , 26,   , 28, 29, 30,   ,   ,   ,   , 35, 36, 37, 38, 39, 40, 41,   , 43,   ,   
01, 02, 03, 04,   ,   , 07, 08, 09, 10, 11, 12, 13, 14, 15,   , 17, 18,   , 20, 21, 22,   ,   ,   , 26,   , 28, 29, 30,   , 32, 33,   ,   , 36, 37,   , 39, 40, 41,   , 43,   ,   
01, 02, 03, 04,   ,   , 07, 08, 09, 10, 11, 12, 13, 14, 15,   , 17, 18,   ,   , 21, 22,   , 24, 25, 26,   , 28, 29,   ,   , 32, 33,   ,   , 36, 37,   , 39,   , 41,   , 43,   ,   
01, 02,   , 04, 05,   , 07, 08, 09, 10, 11, 12, 13, 14, 15,   ,   , 18, 19,   ,   , 22,   , 24, 25, 26,   , 28, 29,   , 31,   , 33,   ,   , 36, 37,   , 39,   , 41, 42, 43, 44,   
  , 02,   , 04, 05,   , 07, 08, 09, 10, 11, 12, 13, 14, 15, 16,   , 18, 19,   ,   , 22, 23, 24, 25, 26, 27,   , 29,   , 31,   , 33, 34, 35, 36, 37,   , 39,   , 41,   , 43,   ,   
  , 02,   , 04, 05,   , 07,   , 09, 10, 11, 12, 13,   , 15, 16,   , 18,   ,   ,   , 22, 23, 24, 25, 26, 27,   ,   ,   , 31,   , 33, 34, 35, 36, 37, 38, 39,   , 41,   , 43,   , 45
  , 02, 03, 04,   , 06, 07,   , 09, 10, 11,   , 13,   ,   , 16, 17, 18,   ,   , 21, 22, 23, 24, 25, 26, 27,   ,   ,   , 31,   , 33, 34, 35, 36,   , 38, 39,   ,   ,   , 43,   , 45
01, 02, 03, 04,   , 06,   ,   , 09,   , 11,   , 13,   ,   , 16,   , 18,   ,   , 21, 22, 23, 24,   , 26, 27, 28,   ,   , 31,   , 33, 34, 35, 36,   , 38, 39,   ,   , 42, 43, 44, 45
01, 02, 03,   ,   ,   ,   , 08, 09,   , 11,   , 13, 14,   , 16,   , 18, 19,   , 21, 22,   , 24,   , 26, 27, 28, 29,   ,   ,   , 33,   , 35, 36,   , 38, 39, 40,   , 42, 43, 44, 45
01,   , 03,   ,   ,   ,   , 08, 09,   ,   , 12, 13,   , 15, 16,   , 18, 19,   , 21, 22,   , 24,   , 26, 27, 28, 29, 30,   ,   , 33,   , 35, 36, 37, 38, 39, 40, 41, 42, 43, 44, 45

======================================