Thống kê những lần 655/3 trúng toàn bộ 6 số

Ngày 2019/11/19. Kết quả: 19,21,33,35,38,40
Bộ số: 02,04,05,07,11,13,14,15,19,20,21,23,26,28,30,31,32,33,34,35,37,38,40,42,43,44,45,46,47,48,50,51,53,54

10 bộ số trước đó:
  , 02,   , 04, 05,   , 07,   ,   ,   , 11,   , 13, 14, 15,   ,   ,   , 19, 20, 21,   , 23,   ,   , 26,   , 28,   , 30, 31, 32, 33, 34, 35,   , 37, 38,   , 40,   , 42, 43, 44, 45, 46, 47, 48,   , 50, 51,   , 53, 54,   
  , 02,   , 04, 05,   , 07, 08,   ,   , 11,   , 13, 14, 15,   ,   , 18,   , 20, 21, 22, 23,   ,   , 26,   , 28,   , 30, 31, 32, 33, 34, 35,   ,   , 38,   , 40,   , 42, 43,   , 45, 46, 47, 48, 49, 50, 51,   , 53, 54,   
  , 02,   , 04, 05,   , 07, 08, 09,   , 11,   , 13, 14, 15,   ,   , 18,   , 20, 21, 22, 23,   ,   , 26,   , 28,   , 30, 31, 32, 33, 34, 35,   ,   , 38,   , 40,   , 42, 43,   , 45, 46, 47, 48, 49,   , 51,   , 53, 54, 55
  ,   ,   , 04, 05,   , 07, 08, 09, 10, 11,   , 13, 14,   ,   ,   , 18,   , 20, 21, 22, 23, 24,   , 26, 27, 28,   , 30, 31, 32, 33,   ,   , 36,   , 38, 39, 40,   , 42, 43,   , 45, 46, 47,   , 49,   , 51,   , 53, 54, 55
  ,   ,   , 04, 05,   , 07, 08, 09, 10, 11,   , 13, 14,   ,   ,   ,   ,   , 20, 21,   , 23, 24, 25, 26, 27, 28, 29, 30, 31, 32, 33,   ,   , 36,   , 38, 39, 40, 41, 42, 43,   , 45, 46,   ,   , 49,   , 51,   , 53, 54, 55
01,   ,   , 04, 05,   , 07, 08, 09, 10, 11,   , 13, 14,   ,   ,   ,   ,   , 20, 21,   , 23, 24, 25, 26, 27, 28, 29, 30,   , 32, 33,   ,   , 36,   , 38, 39, 40, 41, 42,   ,   , 45, 46,   ,   , 49,   , 51, 52, 53, 54,   
01,   , 03, 04, 05, 06, 07, 08, 09, 10, 11,   , 13, 14,   ,   , 17,   ,   ,   , 21,   , 23, 24, 25, 26, 27, 28, 29, 30,   , 32, 33,   ,   , 36,   , 38, 39, 40, 41, 42,   , 44, 45, 46,   ,   , 49,   ,   , 52,   , 54,   
01, 02, 03, 04, 05, 06, 07, 08,   , 10, 11,   , 13,   ,   ,   , 17,   ,   ,   , 21,   ,   , 24, 25, 26, 27, 28, 29, 30,   , 32, 33, 34, 35, 36,   , 38, 39, 40,   , 42,   , 44,   , 46,   ,   , 49,   ,   , 52,   , 54,   
01,   , 03, 04, 05, 06, 07, 08,   , 10, 11,   , 13,   ,   ,   , 17,   , 19,   , 21,   ,   , 24, 25,   ,   , 28, 29, 30,   , 32, 33, 34, 35,   , 37, 38, 39,   ,   , 42,   , 44,   , 46, 47, 48, 49,   ,   , 52,   , 54,   
  ,   , 03, 04, 05, 06, 07, 08,   ,   , 11, 12, 13,   , 15,   , 17,   , 19,   ,   ,   ,   , 24, 25,   ,   , 28, 29, 30, 31, 32, 33, 34, 35,   , 37, 38, 39,   ,   ,   ,   , 44,   , 46, 47, 48, 49,   ,   , 52,   , 54, 55
  ,   , 03, 04,   , 06, 07, 08,   ,   ,   , 12, 13,   , 15,   , 17, 18, 19, 20,   , 22,   , 24, 25,   ,   , 28, 29, 30, 31, 32, 33,   , 35,   , 37, 38, 39,   ,   ,   ,   , 44,   , 46, 47, 48, 49,   ,   , 52,   , 54, 55

======================================

Ngày 2019/09/10. Kết quả: 06,09,19,39,50,54
Cách lần trúng sau 30 lần quay
Bộ số: 01,02,03,04,05,06,08,09,10,11,12,15,16,18,19,21,22,25,26,28,34,36,37,39,40,42,43,44,47,48,49,50,53,54

10 bộ số trước đó:
01, 02, 03, 04, 05, 06,   , 08, 09, 10, 11, 12,   ,   , 15, 16,   , 18, 19,   , 21, 22,   ,   , 25, 26,   , 28,   ,   ,   ,   ,   , 34,   , 36, 37,   , 39, 40,   , 42, 43, 44,   ,   , 47, 48, 49, 50,   ,   , 53, 54,   
01, 02, 03, 04, 05, 06, 07, 08, 09,   ,   ,   ,   ,   , 15, 16, 17, 18, 19,   , 21, 22,   ,   , 25, 26,   , 28,   ,   , 31,   ,   , 34,   , 36, 37, 38, 39, 40,   , 42, 43, 44,   , 46, 47,   , 49, 50,   ,   , 53, 54,   
01, 02, 03, 04, 05, 06, 07, 08, 09,   ,   ,   ,   ,   , 15,   , 17, 18, 19,   , 21,   ,   , 24, 25, 26,   , 28,   , 30, 31,   ,   , 34,   , 36, 37, 38, 39, 40,   , 42, 43, 44, 45,   ,   ,   , 49, 50,   ,   , 53, 54,   
01, 02, 03, 04, 05, 06, 07, 08, 09,   ,   ,   ,   , 14, 15,   , 17, 18,   ,   , 21,   ,   , 24, 25, 26,   , 28,   , 30, 31,   ,   ,   , 35, 36, 37, 38, 39,   , 41, 42, 43, 44, 45,   ,   ,   ,   , 50,   ,   , 53, 54, 55
01, 02, 03,   , 05, 06,   , 08, 09,   ,   ,   , 13, 14, 15,   ,   , 18,   ,   , 21,   ,   , 24, 25, 26,   , 28,   ,   , 31, 32,   ,   , 35, 36, 37, 38,   ,   , 41, 42, 43, 44, 45,   ,   ,   ,   , 50,   , 52, 53, 54, 55
01, 02, 03,   , 05, 06,   , 08, 09,   , 11, 12, 13, 14, 15,   ,   , 18,   ,   , 21,   , 23, 24, 25, 26, 27, 28,   ,   , 31, 32,   ,   , 35, 36, 37,   ,   ,   , 41, 42, 43, 44, 45,   ,   ,   ,   , 50,   , 52, 53,   ,   
01, 02, 03,   , 05, 06,   , 08,   ,   ,   , 12, 13, 14, 15,   ,   , 18,   ,   , 21, 22, 23,   , 25,   , 27, 28, 29,   , 31, 32, 33,   , 35, 36, 37,   ,   ,   , 41, 42, 43, 44, 45, 46, 47,   ,   , 50,   , 52,   ,   ,   
01, 02, 03,   , 05, 06,   , 08,   ,   ,   , 12, 13, 14, 15,   ,   , 18,   , 20, 21, 22, 23,   ,   ,   , 27, 28, 29,   ,   ,   , 33, 34, 35, 36, 37,   ,   , 40, 41, 42, 43, 44, 45, 46,   ,   , 49, 50, 51, 52,   ,   ,   
01, 02, 03,   , 05, 06, 07,   ,   ,   ,   , 12, 13, 14, 15,   , 17, 18,   , 20, 21, 22, 23,   ,   ,   ,   , 28, 29,   ,   ,   , 33, 34, 35, 36, 37,   ,   ,   , 41, 42, 43, 44, 45, 46,   ,   , 49, 50, 51, 52,   ,   ,   
01, 02, 03,   , 05, 06,   ,   ,   , 10,   , 12, 13, 14, 15,   ,   , 18,   , 20, 21, 22, 23,   ,   ,   ,   , 28, 29, 30,   ,   , 33, 34, 35,   , 37,   ,   ,   , 41,   ,   , 44, 45, 46,   , 48, 49,   , 51, 52,   , 54, 55
  , 02, 03,   , 05,   ,   ,   , 09, 10, 11, 12, 13, 14, 15,   ,   ,   ,   , 20,   , 22, 23, 24,   , 26,   , 28, 29, 30,   ,   , 33, 34, 35,   , 37, 38,   ,   ,   ,   ,   , 44, 45, 46,   , 48, 49,   , 51, 52, 53, 54, 55

======================================

Ngày 2019/08/17. Kết quả: 09,11,24,26,38,53
Cách lần trúng sau 10 lần quay
Bộ số: 02,03,05,09,10,11,12,13,14,15,20,22,23,24,26,28,29,30,33,34,35,37,38,44,45,46,48,49,51,52,53,54,55

10 bộ số trước đó:
  , 02, 03,   , 05,   ,   ,   , 09, 10, 11, 12, 13, 14, 15,   ,   ,   ,   , 20,   , 22, 23, 24,   , 26,   , 28, 29, 30,   ,   , 33, 34, 35,   , 37, 38,   ,   ,   ,   ,   , 44, 45, 46,   , 48, 49,   , 51, 52, 53, 54, 55
  , 02, 03,   , 05,   ,   ,   ,   , 10,   , 12, 13, 14, 15,   ,   ,   ,   ,   ,   , 22, 23, 24, 25,   ,   , 28, 29, 30, 31,   , 33, 34, 35,   , 37, 38, 39,   ,   ,   ,   , 44, 45, 46, 47, 48, 49,   , 51, 52, 53, 54, 55
  , 02, 03, 04, 05,   ,   , 08,   , 10,   , 12,   , 14, 15, 16,   ,   ,   ,   ,   , 22, 23,   ,   ,   ,   , 28, 29,   , 31, 32, 33, 34, 35,   , 37, 38, 39, 40,   ,   ,   , 44, 45, 46, 47, 48, 49,   , 51, 52, 53, 54, 55
  , 02, 03, 04, 05,   , 07, 08,   , 10,   , 12,   , 14, 15, 16,   ,   ,   ,   ,   , 22, 23,   ,   ,   ,   , 28, 29,   , 31, 32, 33, 34, 35, 36, 37, 38,   , 40,   ,   , 43, 44,   , 46, 47,   ,   , 50, 51, 52, 53, 54, 55
  , 02,   , 04, 05, 06, 07,   ,   , 10,   ,   ,   , 14, 15, 16, 17,   ,   ,   ,   , 22, 23,   ,   ,   ,   , 28, 29,   , 31,   , 33, 34, 35, 36, 37, 38,   , 40, 41,   , 43, 44,   , 46, 47,   ,   , 50,   , 52, 53, 54, 55
  ,   ,   , 04, 05, 06, 07,   , 09, 10, 11,   ,   , 14, 15, 16, 17,   , 19, 20,   , 22, 23,   ,   ,   ,   , 28, 29,   , 31,   ,   , 34, 35, 36, 37, 38,   , 40, 41, 42, 43,   ,   , 46, 47,   ,   ,   ,   , 52, 53, 54, 55
  ,   ,   , 04, 05, 06, 07,   , 09, 10, 11,   , 13, 14, 15, 16, 17,   , 19, 20,   , 22, 23, 24,   , 26, 27, 28, 29, 30,   ,   ,   ,   , 35, 36, 37, 38,   , 40,   , 42, 43,   ,   , 46, 47,   ,   ,   ,   ,   ,   , 54, 55
01,   ,   , 04,   , 06, 07,   , 09,   , 11,   , 13, 14, 15, 16, 17, 18, 19, 20,   , 22, 23, 24,   , 26, 27, 28, 29, 30,   ,   ,   ,   , 35, 36, 37, 38,   , 40,   , 42, 43,   , 45, 46, 47, 48, 49,   ,   ,   ,   , 54, 55
01,   ,   , 04,   , 06, 07, 08, 09,   , 11, 12, 13, 14,   , 16, 17,   , 19, 20,   , 22, 23, 24,   , 26, 27, 28, 29, 30,   ,   ,   ,   , 35, 36, 37, 38,   , 40,   ,   , 43,   , 45, 46, 47, 48, 49,   , 51,   ,   , 54, 55
01, 02,   ,   ,   , 06, 07, 08, 09,   , 11, 12, 13, 14,   , 16, 17,   , 19, 20,   , 22, 23,   ,   , 26, 27, 28,   , 30,   ,   , 33,   , 35, 36, 37, 38,   , 40,   ,   , 43, 44, 45, 46, 47, 48, 49, 50, 51,   ,   , 54, 55
01, 02, 03,   ,   , 06, 07, 08, 09,   , 11,   , 13, 14,   , 16, 17,   ,   , 20,   , 22, 23,   ,   , 26, 27, 28,   , 30,   ,   ,   , 34, 35, 36, 37, 38,   ,   ,   ,   , 43, 44, 45, 46, 47, 48, 49, 50, 51,   , 53, 54, 55

======================================

Ngày 2019/06/13. Kết quả: 06,09,15,22,29,53
Cách lần trúng sau 28 lần quay
Bộ số: 01,03,04,06,07,09,11,12,14,15,16,17,19,21,22,25,28,29,31,32,34,37,38,39,40,42,43,44,45,46,47,48,50,52,53,55

10 bộ số trước đó:
01,   , 03, 04,   , 06, 07,   , 09,   , 11, 12,   , 14, 15, 16, 17,   , 19,   , 21, 22,   ,   , 25,   ,   , 28, 29,   , 31, 32,   , 34,   ,   , 37, 38, 39, 40,   , 42, 43, 44, 45, 46, 47, 48,   , 50,   , 52, 53,   , 55
01,   , 03, 04, 05, 06, 07,   , 09,   , 11, 12,   , 14, 15, 16, 17,   , 19,   , 21, 22,   ,   , 25,   ,   , 28, 29,   ,   , 32,   , 34,   ,   , 37, 38, 39, 40,   ,   , 43, 44, 45, 46,   , 48, 49, 50,   , 52, 53,   , 55
01, 02, 03, 04, 05, 06, 07, 08, 09,   , 11, 12,   , 14, 15, 16,   ,   , 19,   , 21, 22, 23,   , 25,   , 27, 28, 29,   ,   , 32,   ,   , 35,   ,   , 38, 39,   ,   ,   , 43, 44, 45, 46,   , 48, 49, 50,   , 52, 53,   , 55
01, 02, 03, 04, 05, 06, 07, 08, 09,   , 11, 12, 13, 14,   , 16,   ,   , 19,   , 21,   , 23,   , 25,   , 27, 28, 29, 30,   ,   ,   ,   , 35, 36,   , 38, 39,   ,   ,   , 43, 44, 45, 46,   , 48, 49, 50, 51, 52, 53, 54, 55
01, 02, 03,   , 05, 06, 07, 08, 09,   , 11,   , 13, 14,   , 16,   , 18, 19, 20, 21,   , 23,   , 25, 26, 27, 28, 29, 30,   ,   ,   ,   ,   , 36,   , 38, 39,   ,   ,   , 43,   , 45, 46,   , 48, 49,   , 51, 52, 53, 54,   
01, 02, 03,   , 05, 06, 07, 08, 09, 10, 11,   ,   , 14,   , 16,   , 18, 19, 20,   ,   , 23, 24, 25, 26, 27, 28, 29, 30,   ,   ,   ,   ,   , 36,   , 38, 39,   , 41,   , 43,   , 45, 46, 47, 48, 49,   , 51, 52,   , 54,   
01, 02, 03,   , 05, 06, 07, 08, 09, 10,   ,   ,   , 14,   , 16, 17, 18, 19, 20,   ,   , 23, 24, 25, 26, 27, 28,   , 30,   ,   ,   , 34,   , 36,   , 38, 39, 40, 41,   , 43,   , 45, 46, 47, 48, 49,   , 51, 52,   , 54,   
01, 02, 03,   , 05,   , 07, 08, 09,   ,   ,   ,   , 14, 15, 16, 17,   , 19, 20,   , 22, 23, 24, 25, 26, 27, 28,   , 30,   , 32,   , 34,   , 36,   ,   , 39, 40, 41,   , 43,   , 45, 46, 47, 48, 49,   , 51, 52,   , 54,   
01, 02, 03, 04, 05,   , 07,   , 09,   ,   ,   ,   , 14, 15, 16, 17,   , 19, 20,   , 22, 23, 24, 25, 26, 27,   ,   ,   ,   , 32,   , 34, 35, 36,   ,   , 39,   , 41,   ,   , 44, 45, 46, 47, 48, 49, 50, 51, 52,   , 54,   
01, 02, 03, 04, 05,   , 07,   , 09,   ,   ,   ,   , 14,   , 16, 17,   , 19, 20,   , 22, 23, 24, 25, 26, 27,   ,   ,   ,   , 32,   , 34, 35, 36,   ,   , 39,   , 41, 42,   , 44, 45, 46, 47, 48, 49, 50, 51, 52,   , 54, 55
01, 02, 03, 04, 05,   , 07,   , 09,   ,   , 12,   , 14,   , 16, 17,   , 19,   ,   ,   , 23, 24, 25,   , 27,   ,   ,   , 31, 32,   , 34, 35, 36, 37,   , 39,   , 41, 42,   , 44, 45, 46, 47, 48, 49, 50, 51, 52, 53, 54, 55

======================================

Ngày 2019/04/09. Kết quả: 10,14,19,36,48,49
Cách lần trúng sau 28 lần quay
Bộ số: 02,05,06,07,08,10,11,12,13,14,17,19,21,23,24,25,27,28,31,32,33,34,36,37,39,40,42,43,44,45,48,49,52,53,55

10 bộ số trước đó:
  , 02,   ,   , 05, 06, 07, 08,   , 10, 11, 12, 13, 14,   ,   , 17,   , 19,   , 21,   , 23, 24, 25,   , 27, 28,   ,   , 31, 32, 33, 34,   , 36, 37,   , 39, 40,   , 42, 43, 44, 45,   ,   , 48, 49,   ,   , 52, 53,   , 55
  , 02,   ,   , 05, 06, 07, 08,   , 10, 11, 12, 13, 14,   ,   , 17,   , 19,   , 21,   ,   , 24, 25,   , 27, 28,   , 30, 31, 32, 33, 34,   , 36,   ,   , 39, 40, 41, 42,   ,   , 45, 46,   , 48,   ,   ,   , 52, 53,   , 55
  , 02,   ,   , 05, 06, 07, 08,   , 10, 11, 12, 13, 14,   , 16, 17,   ,   ,   , 21,   ,   , 24, 25,   , 27,   , 29, 30, 31, 32, 33, 34,   , 36,   , 38, 39,   , 41, 42,   ,   , 45, 46, 47,   ,   ,   , 51, 52, 53,   , 55
01, 02,   , 04, 05, 06, 07, 08,   , 10, 11, 12, 13, 14,   , 16, 17,   ,   , 20, 21, 22,   , 24, 25, 26, 27,   , 29,   , 31, 32, 33, 34,   , 36,   , 38, 39,   ,   , 42,   ,   , 45,   , 47,   ,   ,   , 51,   , 53,   , 55
01, 02,   , 04, 05, 06,   , 08,   , 10, 11, 12, 13, 14,   , 16, 17,   ,   , 20, 21, 22,   , 24, 25, 26, 27,   , 29,   , 31,   , 33, 34, 35, 36,   , 38, 39,   ,   ,   ,   ,   , 45,   , 47,   ,   , 50, 51,   ,   , 54, 55
01, 02,   , 04, 05, 06,   ,   ,   , 10, 11, 12, 13, 14,   , 16, 17,   ,   , 20, 21, 22, 23, 24, 25, 26, 27,   , 29,   , 31,   , 33, 34,   , 36, 37, 38, 39,   ,   ,   , 43,   ,   ,   , 47,   , 49, 50, 51,   ,   , 54, 55
01, 02,   , 04, 05, 06,   ,   ,   ,   , 11, 12, 13, 14, 15, 16, 17,   , 19, 20, 21,   , 23,   , 25, 26, 27,   , 29,   , 31,   , 33, 34,   , 36, 37, 38, 39,   ,   ,   , 43, 44,   ,   , 47, 48, 49, 50, 51,   ,   , 54, 55
01, 02, 03, 04, 05, 06,   ,   , 09,   , 11, 12, 13, 14, 15, 16, 17,   , 19, 20,   ,   , 23,   ,   , 26, 27,   , 29, 30, 31,   , 33, 34,   , 36, 37, 38, 39,   , 41,   , 43,   ,   ,   , 47, 48, 49, 50, 51, 52,   , 54, 55
01, 02, 03, 04, 05, 06, 07,   ,   ,   , 11, 12, 13, 14, 15,   , 17,   , 19, 20,   ,   , 23,   ,   ,   , 27,   , 29, 30, 31,   , 33,   ,   , 36, 37, 38, 39,   , 41, 42, 43,   ,   , 46, 47, 48,   , 50, 51, 52,   , 54, 55
01, 02, 03, 04, 05, 06, 07, 08,   ,   , 11, 12, 13, 14, 15,   , 17,   , 19, 20,   ,   , 23,   ,   ,   , 27, 28, 29, 30,   , 32, 33,   ,   , 36, 37, 38, 39,   , 41, 42, 43,   , 45, 46, 47, 48,   , 50, 51, 52,   , 54, 55
01,   , 03, 04, 05, 06, 07, 08,   , 10, 11, 12, 13,   , 15,   , 17,   , 19,   ,   , 22, 23,   ,   ,   , 27, 28, 29, 30,   , 32,   ,   ,   , 36, 37, 38, 39, 40,   , 42, 43,   , 45, 46,   , 48,   , 50, 51, 52,   , 54, 55

======================================

Ngày 2019/01/05. Kết quả: 10,11,38,47,53,55
Cách lần trúng sau 39 lần quay
Bộ số: 01,03,04,06,07,09,10,11,12,13,14,15,16,17,18,22,24,25,26,28,29,30,32,34,35,38,39,40,41,44,47,48,51,53,55

10 bộ số trước đó:
01,   , 03, 04,   , 06, 07,   , 09, 10, 11, 12, 13, 14, 15, 16, 17, 18,   ,   ,   , 22,   , 24, 25, 26,   , 28, 29, 30,   , 32,   , 34, 35,   ,   , 38, 39, 40, 41,   ,   , 44,   ,   , 47, 48,   ,   , 51,   , 53,   , 55
01,   ,   , 04,   , 06, 07,   ,   , 10, 11, 12, 13, 14, 15, 16,   , 18,   ,   ,   , 22,   , 24, 25, 26,   , 28, 29, 30, 31, 32,   , 34, 35,   ,   , 38, 39, 40, 41,   ,   , 44, 45,   , 47, 48, 49,   ,   ,   , 53, 54, 55
01, 02,   , 04,   , 06, 07,   ,   , 10, 11, 12, 13, 14, 15,   ,   , 18, 19,   ,   , 22,   , 24, 25, 26, 27, 28, 29, 30, 31, 32,   , 34,   ,   , 37, 38,   , 40, 41,   ,   , 44, 45, 46, 47, 48, 49,   ,   ,   , 53, 54, 55
01, 02,   , 04,   , 06, 07,   ,   , 10, 11, 12, 13, 14, 15,   ,   , 18, 19,   ,   , 22,   ,   , 25, 26, 27, 28, 29, 30, 31, 32,   ,   ,   , 36, 37, 38,   , 40, 41,   ,   ,   , 45, 46, 47, 48, 49,   ,   ,   , 53, 54, 55
  , 02,   , 04, 05, 06, 07,   ,   , 10, 11, 12, 13, 14,   ,   ,   , 18, 19, 20,   , 22,   ,   ,   ,   , 27, 28, 29, 30, 31, 32,   ,   ,   , 36, 37, 38,   , 40, 41, 42, 43,   , 45, 46, 47, 48, 49, 50,   ,   , 53, 54, 55
  , 02,   , 04, 05, 06, 07,   ,   , 10, 11, 12, 13,   ,   ,   ,   , 18, 19, 20, 21, 22, 23,   ,   ,   , 27, 28, 29, 30, 31, 32,   ,   ,   , 36, 37, 38,   , 40, 41, 42, 43,   , 45, 46, 47, 48,   , 50, 51,   ,   , 54,   
  ,   , 03, 04, 05, 06, 07,   ,   , 10,   , 12, 13,   ,   , 16,   , 18, 19, 20, 21, 22, 23,   ,   ,   , 27, 28, 29, 30, 31, 32,   ,   , 35,   , 37, 38, 39, 40, 41, 42, 43,   , 45, 46, 47, 48,   , 50, 51,   ,   , 54,   
  ,   , 03, 04,   , 06, 07, 08,   , 10,   , 12, 13,   ,   , 16,   , 18, 19, 20, 21, 22, 23, 24,   ,   , 27, 28, 29, 30, 31, 32, 33, 34, 35,   ,   , 38,   , 40, 41, 42, 43,   , 45, 46, 47, 48,   , 50, 51,   ,   , 54,   
  ,   ,   , 04,   ,   , 07, 08,   , 10,   , 12, 13,   , 15, 16,   , 18, 19, 20, 21, 22, 23, 24, 25, 26, 27, 28, 29, 30,   , 32, 33, 34, 35,   ,   , 38,   , 40, 41, 42, 43,   , 45, 46, 47,   ,   , 50, 51,   ,   ,   ,   
  ,   ,   , 04,   ,   , 07, 08,   , 10,   , 12,   ,   , 15, 16, 17, 18, 19, 20, 21, 22,   , 24, 25, 26,   , 28, 29, 30,   , 32, 33, 34, 35,   ,   , 38,   , 40, 41,   , 43,   , 45, 46, 47,   ,   , 50, 51, 52, 53,   ,   
  , 02,   , 04,   ,   , 07, 08,   ,   ,   , 12,   , 14, 15,   , 17, 18, 19, 20, 21, 22,   , 24, 25, 26,   , 28, 29,   ,   , 32, 33, 34, 35, 36,   , 38,   , 40, 41,   , 43,   , 45, 46, 47,   ,   , 50, 51, 52, 53,   , 55

======================================

Ngày 2018/08/30. Kết quả: 05,22,28,42,49,54
Cách lần trúng sau 55 lần quay
Bộ số: 01,03,04,05,06,07,08,13,16,17,19,20,21,22,24,25,26,28,29,30,33,34,35,36,37,41,42,43,44,45,47,49,50,51,52,54,55

10 bộ số trước đó:
01,   , 03, 04, 05, 06, 07, 08,   ,   ,   ,   , 13,   ,   , 16, 17,   , 19, 20, 21, 22,   , 24, 25, 26,   , 28, 29, 30,   ,   , 33, 34, 35, 36, 37,   ,   ,   , 41, 42, 43, 44, 45,   , 47,   , 49, 50, 51, 52,   , 54, 55
01, 02, 03, 04, 05, 06,   , 08,   ,   ,   ,   , 13,   ,   , 16, 17,   , 19, 20, 21, 22,   , 24, 25, 26,   , 28, 29, 30, 31,   ,   , 34, 35,   , 37,   ,   ,   , 41, 42, 43, 44, 45,   , 47,   , 49, 50,   , 52,   , 54,   
01, 02, 03, 04, 05,   ,   , 08,   ,   , 11,   , 13,   , 15, 16, 17,   , 19, 20, 21, 22,   , 24, 25, 26,   , 28, 29, 30, 31,   ,   ,   , 35,   , 37,   ,   , 40, 41, 42, 43, 44, 45,   , 47,   , 49, 50,   , 52,   , 54,   
01, 02, 03, 04, 05,   ,   , 08,   ,   , 11,   , 13,   , 15, 16, 17, 18, 19, 20, 21, 22,   , 24, 25, 26, 27, 28,   ,   , 31,   ,   ,   , 35,   , 37,   ,   , 40, 41, 42, 43, 44,   ,   , 47,   , 49, 50,   ,   , 53, 54,   
01, 02, 03, 04, 05,   ,   , 08, 09,   , 11, 12, 13, 14, 15,   ,   , 18, 19, 20, 21, 22, 23, 24, 25, 26, 27, 28,   ,   ,   , 32,   ,   , 35,   , 37,   ,   , 40, 41,   , 43,   ,   ,   , 47,   , 49, 50,   ,   , 53, 54,   
01, 02, 03, 04, 05,   , 07, 08, 09,   , 11, 12, 13, 14, 15,   ,   , 18, 19, 20, 21, 22, 23,   , 25, 26, 27, 28,   ,   ,   ,   ,   ,   , 35,   , 37,   , 39, 40, 41,   , 43,   ,   ,   , 47,   ,   , 50,   ,   , 53, 54,   
01, 02,   , 04, 05, 06, 07, 08,   , 10, 11, 12, 13, 14,   ,   ,   , 18, 19,   , 21, 22, 23,   , 25, 26, 27, 28,   ,   ,   ,   ,   , 34, 35,   , 37,   ,   , 40, 41,   , 43,   ,   , 46, 47, 48,   , 50, 51,   , 53, 54,   
01, 02,   , 04, 05, 06, 07, 08,   , 10,   ,   , 13, 14,   ,   ,   , 18, 19,   , 21, 22, 23,   , 25, 26, 27, 28,   , 30,   ,   ,   , 34, 35, 36, 37, 38,   , 40,   ,   , 43,   , 45, 46, 47,   ,   , 50, 51, 52, 53, 54,   
01, 02,   , 04, 05,   , 07, 08,   , 10,   ,   , 13, 14,   ,   ,   , 18, 19,   , 21, 22, 23,   , 25, 26, 27, 28,   , 30, 31,   ,   , 34, 35, 36, 37, 38,   , 40,   , 42, 43, 44, 45, 46, 47,   ,   , 50, 51, 52, 53, 54,   
  , 02,   , 04,   ,   , 07, 08,   , 10,   ,   , 13, 14,   ,   ,   , 18, 19,   , 21, 22, 23,   , 25, 26,   , 28, 29, 30,   ,   , 33, 34, 35, 36, 37, 38,   , 40,   , 42, 43, 44, 45, 46,   ,   ,   ,   , 51, 52, 53, 54,   
  , 02, 03, 04,   ,   , 07, 08, 09, 10,   ,   , 13, 14, 15,   ,   , 18, 19, 20, 21,   , 23,   ,   , 26,   , 28, 29,   ,   ,   , 33, 34, 35, 36, 37, 38, 39,   ,   , 42, 43, 44, 45, 46,   ,   , 49,   , 51, 52, 53, 54,   

======================================

Ngày 2018/08/16. Kết quả: 06,10,34,46,48,51
Cách lần trúng sau 6 lần quay
Bộ số: 01,02,04,05,06,07,08,10,11,12,13,14,18,19,21,22,23,25,26,27,28,34,35,37,40,41,43,46,47,48,50,51,53,54

10 bộ số trước đó:
01, 02,   , 04, 05, 06, 07, 08,   , 10, 11, 12, 13, 14,   ,   ,   , 18, 19,   , 21, 22, 23,   , 25, 26, 27, 28,   ,   ,   ,   ,   , 34, 35,   , 37,   ,   , 40, 41,   , 43,   ,   , 46, 47, 48,   , 50, 51,   , 53, 54,   
01, 02,   , 04, 05, 06, 07, 08,   , 10,   ,   , 13, 14,   ,   ,   , 18, 19,   , 21, 22, 23,   , 25, 26, 27, 28,   , 30,   ,   ,   , 34, 35, 36, 37, 38,   , 40,   ,   , 43,   , 45, 46, 47,   ,   , 50, 51, 52, 53, 54,   
01, 02,   , 04, 05,   , 07, 08,   , 10,   ,   , 13, 14,   ,   ,   , 18, 19,   , 21, 22, 23,   , 25, 26, 27, 28,   , 30, 31,   ,   , 34, 35, 36, 37, 38,   , 40,   , 42, 43, 44, 45, 46, 47,   ,   , 50, 51, 52, 53, 54,   
  , 02,   , 04,   ,   , 07, 08,   , 10,   ,   , 13, 14,   ,   ,   , 18, 19,   , 21, 22, 23,   , 25, 26,   , 28, 29, 30,   ,   , 33, 34, 35, 36, 37, 38,   , 40,   , 42, 43, 44, 45, 46,   ,   ,   ,   , 51, 52, 53, 54,   
  , 02, 03, 04,   ,   , 07, 08, 09, 10,   ,   , 13, 14, 15,   ,   , 18, 19, 20, 21,   , 23,   ,   , 26,   , 28, 29,   ,   ,   , 33, 34, 35, 36, 37, 38, 39,   ,   , 42, 43, 44, 45, 46,   ,   , 49,   , 51, 52, 53, 54,   
  , 02, 03, 04,   ,   , 07, 08, 09, 10,   , 12, 13, 14, 15,   ,   , 18, 19, 20,   ,   , 23,   ,   , 26,   , 28, 29,   ,   , 32,   , 34, 35, 36,   , 38, 39,   ,   , 42, 43, 44, 45,   ,   , 48, 49,   , 51, 52, 53, 54,   
  , 02, 03, 04,   , 06, 07, 08, 09, 10,   , 12, 13, 14, 15,   , 17,   , 19, 20,   ,   , 23,   ,   , 26,   , 28, 29,   ,   , 32,   ,   , 35, 36,   , 38, 39,   , 41, 42, 43, 44, 45,   ,   , 48, 49,   , 51, 52,   , 54, 55
01, 02, 03, 04, 05, 06,   , 08, 09, 10,   , 12, 13, 14, 15,   , 17,   , 19, 20,   ,   , 23,   ,   , 26, 27, 28, 29,   ,   , 32,   ,   , 35, 36,   , 38, 39,   , 41, 42, 43, 44, 45,   , 47, 48, 49,   , 51,   ,   , 54, 55
01, 02, 03, 04, 05, 06,   , 08, 09, 10,   , 12,   , 14, 15, 16, 17,   , 19, 20,   , 22, 23,   , 25, 26, 27,   , 29, 30,   , 32,   ,   , 35, 36,   , 38, 39,   , 41, 42, 43,   , 45,   ,   , 48, 49,   , 51,   ,   , 54, 55
01, 02, 03, 04,   , 06,   , 08, 09, 10,   , 12,   ,   , 15, 16, 17,   , 19, 20, 21,   , 23, 24, 25, 26,   ,   , 29, 30,   , 32,   ,   , 35, 36,   , 38, 39,   , 41, 42, 43,   , 45,   ,   , 48, 49,   , 51,   ,   , 54, 55
01, 02, 03,   ,   , 06,   , 08, 09, 10,   , 12,   ,   , 15, 16, 17, 18,   , 20, 21,   ,   , 24, 25, 26,   ,   , 29, 30,   , 32,   ,   , 35, 36,   ,   , 39,   , 41, 42, 43,   , 45,   ,   , 48, 49,   , 51,   , 53, 54, 55

======================================

Ngày 2018/08/07. Kết quả: 03,09,15,20,39,49
Cách lần trúng sau 4 lần quay
Bộ số: 02,03,04,07,08,09,10,13,14,15,18,19,20,21,23,26,28,29,33,34,35,36,37,38,39,42,43,44,45,46,49,51,52,53,54

10 bộ số trước đó:
  , 02, 03, 04,   ,   , 07, 08, 09, 10,   ,   , 13, 14, 15,   ,   , 18, 19, 20, 21,   , 23,   ,   , 26,   , 28, 29,   ,   ,   , 33, 34, 35, 36, 37, 38, 39,   ,   , 42, 43, 44, 45, 46,   ,   , 49,   , 51, 52, 53, 54,   
  , 02, 03, 04,   ,   , 07, 08, 09, 10,   , 12, 13, 14, 15,   ,   , 18, 19, 20,   ,   , 23,   ,   , 26,   , 28, 29,   ,   , 32,   , 34, 35, 36,   , 38, 39,   ,   , 42, 43, 44, 45,   ,   , 48, 49,   , 51, 52, 53, 54,   
  , 02, 03, 04,   , 06, 07, 08, 09, 10,   , 12, 13, 14, 15,   , 17,   , 19, 20,   ,   , 23,   ,   , 26,   , 28, 29,   ,   , 32,   ,   , 35, 36,   , 38, 39,   , 41, 42, 43, 44, 45,   ,   , 48, 49,   , 51, 52,   , 54, 55
01, 02, 03, 04, 05, 06,   , 08, 09, 10,   , 12, 13, 14, 15,   , 17,   , 19, 20,   ,   , 23,   ,   , 26, 27, 28, 29,   ,   , 32,   ,   , 35, 36,   , 38, 39,   , 41, 42, 43, 44, 45,   , 47, 48, 49,   , 51,   ,   , 54, 55
01, 02, 03, 04, 05, 06,   , 08, 09, 10,   , 12,   , 14, 15, 16, 17,   , 19, 20,   , 22, 23,   , 25, 26, 27,   , 29, 30,   , 32,   ,   , 35, 36,   , 38, 39,   , 41, 42, 43,   , 45,   ,   , 48, 49,   , 51,   ,   , 54, 55
01, 02, 03, 04,   , 06,   , 08, 09, 10,   , 12,   ,   , 15, 16, 17,   , 19, 20, 21,   , 23, 24, 25, 26,   ,   , 29, 30,   , 32,   ,   , 35, 36,   , 38, 39,   , 41, 42, 43,   , 45,   ,   , 48, 49,   , 51,   ,   , 54, 55
01, 02, 03,   ,   , 06,   , 08, 09, 10,   , 12,   ,   , 15, 16, 17, 18,   , 20, 21,   ,   , 24, 25, 26,   ,   , 29, 30,   , 32,   ,   , 35, 36,   ,   , 39,   , 41, 42, 43,   , 45,   ,   , 48, 49,   , 51,   , 53, 54, 55
01, 02, 03,   ,   , 06, 07,   , 09, 10,   , 12,   ,   ,   , 16, 17,   ,   , 20,   ,   ,   ,   , 25, 26,   ,   , 29, 30,   , 32, 33,   , 35, 36, 37,   , 39,   , 41, 42, 43,   , 45, 46,   , 48,   ,   , 51, 52, 53, 54, 55
01, 02, 03,   ,   ,   , 07,   , 09,   , 11, 12, 13,   ,   ,   , 17,   ,   ,   ,   ,   ,   ,   , 25, 26,   , 28,   , 30,   , 32, 33,   , 35, 36, 37,   , 39,   , 41, 42, 43, 44, 45, 46, 47, 48,   ,   , 51, 52, 53, 54, 55
01,   , 03,   , 05,   , 07,   , 09,   , 11, 12, 13, 14,   ,   , 17,   ,   ,   ,   , 22,   ,   , 25, 26,   , 28,   ,   , 31, 32, 33,   , 35, 36, 37,   , 39, 40, 41, 42, 43, 44,   , 46, 47,   ,   ,   , 51, 52,   , 54, 55
01,   , 03,   , 05,   , 07,   , 09,   , 11, 12, 13, 14,   ,   , 17,   , 19,   ,   ,   , 23,   , 25, 26,   , 28,   ,   , 31, 32, 33, 34, 35, 36, 37, 38, 39, 40, 41, 42,   , 44,   , 46, 47,   ,   , 50,   , 52,   , 54, 55

======================================

Ngày 2018/07/10. Kết quả: 06,10,16,20,27,29
Cách lần trúng sau 12 lần quay
Bộ số: 01,05,06,07,08,09,10,11,13,14,16,17,18,19,20,21,25,26,27,28,29,31,35,36,37,38,39,40,41,42,44,46,50,52,54,55

10 bộ số trước đó:
01,   ,   ,   , 05, 06, 07, 08, 09, 10, 11,   , 13, 14,   , 16, 17, 18, 19, 20, 21,   ,   ,   , 25, 26, 27, 28, 29,   , 31,   ,   ,   , 35, 36, 37, 38, 39, 40, 41, 42,   , 44,   , 46,   ,   ,   , 50,   , 52,   , 54, 55
01, 02,   ,   , 05, 06, 07, 08, 09, 10,   ,   , 13, 14,   , 16, 17, 18, 19, 20, 21,   ,   ,   , 25, 26, 27, 28, 29,   ,   ,   ,   ,   , 35, 36, 37, 38, 39, 40, 41, 42,   , 44, 45, 46,   ,   ,   , 50,   , 52, 53, 54, 55
01, 02,   , 04, 05, 06, 07, 08, 09, 10,   ,   , 13, 14, 15, 16,   ,   , 19, 20,   , 22,   ,   , 25, 26, 27, 28, 29,   ,   ,   ,   ,   , 35, 36, 37, 38,   ,   , 41, 42,   , 44, 45, 46,   ,   ,   , 50,   , 52, 53, 54, 55
01, 02,   , 04, 05,   , 07,   , 09, 10,   ,   ,   , 14, 15, 16,   ,   , 19, 20,   , 22,   ,   , 25, 26, 27, 28, 29,   ,   , 32,   , 34, 35, 36, 37, 38,   ,   , 41, 42,   , 44, 45,   , 47,   , 49, 50,   , 52, 53, 54,   
01,   , 03, 04, 05,   , 07,   , 09, 10,   , 12,   , 14, 15, 16,   ,   ,   , 20,   , 22,   , 24,   , 26, 27, 28, 29, 30,   , 32,   , 34, 35, 36, 37, 38,   ,   , 41, 42,   , 44, 45,   , 47,   , 49, 50,   , 52, 53, 54,   
01,   , 03, 04, 05,   , 07,   , 09, 10, 11, 12,   , 14, 15,   ,   ,   ,   , 20,   , 22,   , 24,   , 26, 27, 28, 29, 30,   , 32,   , 34, 35, 36,   , 38,   ,   ,   , 42,   , 44, 45,   , 47, 48, 49, 50, 51,   , 53, 54,   
01,   , 03, 04, 05,   , 07,   , 09, 10, 11, 12,   ,   ,   ,   ,   , 18,   , 20,   , 22,   , 24,   , 26, 27, 28, 29,   ,   , 32,   , 34, 35, 36,   , 38, 39, 40,   , 42, 43,   , 45,   ,   , 48, 49, 50, 51,   , 53, 54,   
01,   ,   , 04, 05, 06, 07,   , 09, 10, 11, 12, 13,   ,   ,   ,   , 18,   , 20,   , 22,   , 24,   , 26, 27, 28, 29,   ,   ,   ,   , 34, 35, 36,   , 38, 39, 40,   , 42, 43,   ,   , 46,   ,   , 49, 50, 51,   , 53,   , 55
01, 02,   ,   , 05, 06, 07, 08, 09, 10, 11, 12,   ,   ,   ,   ,   , 18, 19, 20,   , 22,   , 24, 25, 26,   , 28,   ,   ,   ,   , 33, 34,   , 36,   , 38, 39, 40,   , 42, 43,   ,   , 46,   ,   , 49, 50, 51,   , 53,   , 55
01, 02,   ,   , 05, 06, 07, 08,   , 10, 11, 12,   ,   ,   , 16, 17, 18, 19, 20,   , 22,   , 24,   , 26,   , 28,   ,   , 31,   , 33, 34,   , 36, 37, 38,   , 40, 41, 42, 43,   ,   , 46,   ,   , 49, 50, 51,   ,   ,   , 55
01, 02,   ,   , 05, 06, 07, 08,   , 10,   , 12,   , 14,   ,   , 17,   , 19, 20, 21, 22,   , 24,   ,   ,   , 28,   , 30, 31,   , 33, 34,   , 36, 37, 38,   , 40, 41, 42, 43, 44,   ,   ,   ,   , 49, 50, 51,   ,   ,   , 55

======================================

Ngày 2018/03/31. Kết quả: 03,07,31,43,51,53
Cách lần trúng sau 43 lần quay
Bộ số: 02,03,04,06,07,10,11,12,16,17,18,19,20,21,22,23,25,26,28,29,31,32,36,37,40,42,43,44,47,49,51,53

10 bộ số trước đó:
  , 02, 03, 04,   , 06, 07,   ,   , 10, 11, 12,   ,   ,   , 16, 17, 18, 19, 20, 21, 22, 23,   , 25, 26,   , 28, 29,   , 31, 32,   ,   ,   , 36, 37,   ,   , 40,   , 42, 43, 44,   ,   , 47,   , 49,   , 51,   , 53,   ,   
  , 02, 03, 04, 05, 06, 07,   ,   , 10,   , 12,   ,   ,   , 16, 17, 18, 19, 20, 21, 22, 23,   , 25, 26, 27, 28, 29,   , 31, 32,   ,   , 35, 36, 37,   , 39,   ,   , 42,   , 44,   ,   , 47,   ,   ,   , 51, 52, 53,   ,   
  , 02,   , 04, 05, 06, 07,   , 09, 10,   , 12, 13,   , 15, 16, 17, 18, 19, 20, 21, 22, 23,   , 25, 26, 27,   , 29,   , 31, 32,   ,   ,   , 36, 37,   , 39,   ,   , 42,   , 44,   ,   , 47,   ,   ,   , 51,   , 53, 54,   
  , 02,   , 04, 05, 06, 07,   , 09, 10,   , 12, 13,   ,   , 16, 17, 18, 19,   , 21, 22,   ,   , 25, 26, 27,   , 29, 30, 31, 32,   ,   ,   , 36, 37, 38,   ,   ,   , 42,   , 44, 45,   , 47, 48,   ,   , 51,   , 53, 54,   
  ,   ,   , 04, 05, 06, 07, 08, 09, 10,   , 12, 13,   ,   , 16,   , 18, 19,   , 21, 22,   , 24, 25, 26, 27,   , 29, 30, 31, 32, 33, 34,   , 36, 37, 38,   ,   , 41, 42,   , 44, 45,   ,   , 48,   ,   , 51,   , 53, 54,   
  ,   ,   , 04, 05, 06, 07, 08,   , 10, 11, 12, 13,   ,   , 16,   , 18, 19,   , 21, 22,   , 24, 25, 26,   ,   , 29, 30,   , 32, 33, 34,   , 36, 37, 38,   , 40, 41, 42, 43, 44, 45,   ,   ,   ,   ,   , 51,   , 53, 54, 55
  ,   , 03, 04, 05, 06, 07, 08,   , 10, 11, 12, 13,   ,   , 16,   ,   , 19,   , 21, 22,   , 24, 25, 26,   ,   , 29, 30,   , 32, 33, 34, 35, 36, 37, 38,   , 40,   , 42, 43, 44, 45,   ,   ,   ,   , 50, 51,   , 53, 54, 55
  ,   , 03, 04, 05,   , 07, 08,   , 10, 11, 12,   ,   , 15, 16,   ,   , 19,   , 21,   ,   , 24, 25, 26,   , 28, 29, 30,   , 32, 33, 34, 35, 36, 37, 38, 39,   ,   , 42, 43, 44, 45,   ,   ,   ,   , 50, 51,   , 53, 54, 55
01,   , 03,   , 05,   , 07, 08,   ,   , 11, 12,   ,   , 15, 16,   ,   , 19,   , 21,   ,   , 24, 25, 26,   , 28, 29, 30,   ,   , 33, 34, 35, 36,   , 38, 39,   ,   , 42, 43, 44, 45, 46,   ,   ,   , 50, 51,   , 53, 54, 55
01,   , 03,   ,   ,   ,   , 08, 09,   , 11, 12,   ,   , 15, 16,   ,   , 19,   , 21,   ,   , 24, 25, 26, 27, 28, 29, 30, 31,   , 33, 34, 35, 36,   ,   , 39,   ,   , 42, 43, 44, 45, 46,   ,   , 49, 50, 51,   , 53, 54, 55
01,   , 03,   ,   ,   ,   ,   , 09,   , 11, 12,   , 14, 15,   ,   , 18, 19,   , 21,   ,   , 24, 25, 26, 27,   , 29, 30, 31,   , 33, 34, 35, 36,   ,   , 39,   , 41, 42, 43,   , 45, 46,   ,   ,   , 50, 51,   , 53, 54, 55

======================================

Ngày 2018/03/06. Kết quả: 02,06,13,22,40,48
Cách lần trúng sau 11 lần quay
Bộ số: 01,02,03,06,09,11,12,13,14,15,18,19,21,22,25,26,27,29,30,31,33,34,35,36,39,40,41,42,43,46,48,50,51,53,54,55

10 bộ số trước đó:
01, 02, 03,   ,   , 06,   ,   , 09,   , 11, 12, 13, 14, 15,   ,   , 18, 19,   , 21, 22,   ,   , 25, 26, 27,   , 29, 30, 31,   , 33, 34, 35, 36,   ,   , 39, 40, 41, 42, 43,   ,   , 46,   , 48,   , 50, 51,   , 53, 54, 55
01, 02, 03,   ,   , 06,   ,   , 09, 10,   , 12, 13,   , 15,   ,   , 18, 19,   , 21, 22,   ,   , 25, 26, 27,   , 29, 30, 31,   , 33, 34, 35,   , 37,   , 39, 40, 41,   , 43,   ,   , 46, 47,   ,   , 50, 51, 52, 53, 54, 55
  ,   , 03, 04,   , 06,   ,   , 09, 10,   , 12, 13,   , 15,   , 17, 18, 19, 20,   , 22,   ,   , 25, 26, 27,   , 29, 30, 31,   , 33, 34, 35,   , 37, 38, 39, 40, 41,   , 43,   ,   , 46, 47,   ,   ,   , 51,   , 53, 54, 55
  ,   , 03, 04,   , 06,   , 08, 09, 10,   , 12, 13,   , 15,   , 17, 18, 19, 20,   ,   , 23,   , 25, 26, 27,   ,   , 30, 31,   , 33, 34,   ,   , 37, 38, 39, 40, 41,   ,   , 44,   , 46, 47,   ,   ,   , 51,   , 53, 54, 55
  ,   , 03, 04, 05, 06, 07, 08,   , 10,   , 12, 13,   , 15,   , 17, 18, 19, 20,   ,   , 23,   ,   ,   , 27,   ,   ,   , 31,   , 33, 34,   ,   , 37, 38, 39, 40, 41,   ,   , 44, 45, 46, 47,   , 49,   , 51,   , 53,   , 55
  ,   , 03, 04, 05, 06, 07,   ,   ,   , 11, 12, 13, 14, 15,   , 17, 18,   , 20,   ,   , 23,   ,   ,   , 27,   ,   ,   , 31, 32, 33, 34,   ,   , 37, 38, 39, 40, 41,   ,   , 44, 45,   , 47, 48, 49,   , 51,   , 53,   , 55
01, 02, 03, 04, 05, 06, 07,   ,   ,   , 11, 12, 13, 14, 15,   , 17, 18,   , 20,   ,   , 23, 24,   ,   , 27,   ,   ,   , 31, 32, 33, 34,   ,   ,   , 38, 39, 40,   ,   ,   , 44, 45,   , 47, 48, 49,   , 51, 52, 53,   , 55
  , 02, 03, 04, 05, 06, 07,   ,   ,   , 11, 12, 13, 14, 15, 16, 17, 18,   ,   ,   ,   , 23, 24,   ,   , 27, 28,   ,   ,   , 32, 33, 34, 35,   ,   , 38, 39, 40,   ,   ,   , 44, 45,   , 47, 48, 49,   , 51, 52,   ,   , 55
  , 02, 03, 04, 05, 06, 07,   , 09,   , 11,   , 13, 14, 15, 16, 17, 18,   ,   ,   ,   , 23, 24,   , 26, 27, 28,   , 30,   , 32, 33, 34, 35,   ,   , 38, 39, 40,   ,   ,   , 44, 45,   , 47,   , 49,   , 51, 52,   ,   ,   
  , 02, 03, 04, 05, 06,   ,   ,   , 10, 11,   , 13, 14, 15, 16, 17, 18, 19,   ,   ,   , 23, 24, 25, 26, 27, 28,   , 30,   , 32, 33, 34, 35, 36,   , 38,   , 40,   ,   ,   , 44, 45, 46, 47,   , 49,   , 51, 52,   ,   ,   
  , 02, 03, 04, 05, 06,   ,   ,   , 10, 11,   , 13, 14,   , 16, 17, 18,   ,   , 21, 22, 23,   , 25, 26, 27, 28,   , 30,   , 32, 33, 34, 35, 36, 37, 38,   , 40, 41,   ,   , 44, 45, 46, 47,   , 49, 50,   , 52,   ,   ,   

======================================

Ngày 2017/12/19. Kết quả: 02,03,20,25,38,44
Cách lần trúng sau 32 lần quay
Bộ số: 01,02,03,04,09,10,13,14,15,16,17,18,19,20,24,25,26,27,29,30,31,33,36,38,40,44,45,47,48,51,54,55

10 bộ số trước đó:
01, 02, 03, 04,   ,   ,   ,   , 09, 10,   ,   , 13, 14, 15, 16, 17, 18, 19, 20,   ,   ,   , 24, 25, 26, 27,   , 29, 30, 31,   , 33,   ,   , 36,   , 38,   , 40,   ,   ,   , 44, 45,   , 47, 48,   ,   , 51,   ,   , 54, 55
01, 02,   , 04,   ,   ,   ,   , 09, 10,   ,   , 13,   , 15, 16, 17, 18, 19, 20,   ,   , 23, 24, 25,   , 27,   , 29, 30, 31,   , 33,   ,   , 36, 37, 38,   , 40, 41,   , 43,   , 45,   , 47, 48,   ,   , 51,   , 53,   , 55
01, 02,   , 04,   ,   ,   ,   , 09, 10, 11, 12, 13,   , 15, 16, 17, 18, 19, 20,   , 22, 23, 24, 25,   ,   , 28, 29, 30, 31,   , 33,   ,   , 36, 37,   ,   ,   , 41,   , 43,   , 45,   , 47, 48,   , 50, 51,   , 53,   ,   
01, 02,   , 04,   , 06, 07, 08,   , 10, 11, 12, 13,   , 15, 16, 17, 18, 19, 20, 21, 22, 23, 24, 25,   ,   , 28, 29, 30, 31, 32, 33,   ,   , 36,   ,   , 39,   , 41,   , 43,   ,   ,   , 47, 48,   ,   , 51,   ,   ,   ,   
01, 02,   , 04,   , 06, 07, 08,   , 10, 11, 12,   ,   , 15, 16, 17, 18, 19, 20, 21, 22, 23, 24, 25,   ,   , 28, 29, 30, 31, 32, 33, 34,   , 36,   ,   , 39,   , 41,   , 43,   ,   ,   , 47, 48, 49,   , 51, 52,   ,   ,   
01,   , 03, 04,   , 06, 07, 08,   , 10, 11, 12,   , 14, 15, 16, 17, 18,   , 20, 21, 22, 23, 24, 25,   ,   , 28, 29, 30, 31, 32, 33, 34, 35, 36,   ,   ,   ,   , 41,   , 43, 44,   ,   , 47, 48,   ,   ,   , 52,   ,   ,   
01,   , 03, 04,   , 06, 07, 08,   , 10, 11, 12,   , 14, 15,   , 17, 18,   , 20, 21, 22, 23, 24, 25,   , 27, 28, 29, 30, 31, 32, 33, 34, 35, 36,   , 38,   , 40, 41, 42, 43, 44,   ,   , 47, 48,   ,   ,   ,   ,   ,   ,   
  ,   ,   , 04,   , 06, 07, 08,   , 10, 11, 12,   , 14, 15,   , 17,   ,   , 20, 21, 22, 23, 24,   ,   , 27, 28, 29, 30, 31, 32, 33, 34, 35, 36,   , 38,   , 40, 41, 42, 43, 44, 45,   , 47, 48,   ,   ,   ,   ,   , 54,   
  ,   ,   , 04,   , 06, 07,   ,   , 10, 11, 12, 13, 14, 15,   , 17,   ,   , 20, 21, 22,   , 24,   , 26, 27, 28, 29, 30, 31, 32, 33, 34, 35, 36,   ,   ,   , 40, 41, 42, 43, 44, 45,   , 47, 48,   ,   ,   ,   ,   ,   ,   
  ,   ,   , 04,   , 06, 07,   ,   , 10,   ,   , 13, 14, 15,   , 17,   , 19, 20, 21, 22,   , 24,   ,   , 27, 28, 29, 30, 31, 32, 33, 34, 35, 36,   ,   , 39, 40, 41,   , 43, 44, 45,   , 47, 48, 49,   , 51,   , 53,   ,   
  ,   ,   , 04,   , 06, 07,   , 09, 10,   ,   , 13, 14, 15,   , 17,   , 19, 20, 21,   ,   , 24,   ,   , 27, 28, 29, 30, 31, 32, 33, 34, 35, 36,   ,   , 39, 40, 41,   , 43, 44, 45, 46,   ,   , 49,   , 51, 52, 53,   , 55

======================================

Ngày 2017/12/12. Kết quả: 06,07,08,21,32,39
Cách lần trúng sau 3 lần quay
Bộ số: 01,02,04,06,07,08,10,11,12,13,15,16,17,18,19,20,21,22,23,24,25,28,29,30,31,32,33,36,39,41,43,47,48,51

10 bộ số trước đó:
01, 02,   , 04,   , 06, 07, 08,   , 10, 11, 12, 13,   , 15, 16, 17, 18, 19, 20, 21, 22, 23, 24, 25,   ,   , 28, 29, 30, 31, 32, 33,   ,   , 36,   ,   , 39,   , 41,   , 43,   ,   ,   , 47, 48,   ,   , 51,   ,   ,   ,   
01, 02,   , 04,   , 06, 07, 08,   , 10, 11, 12,   ,   , 15, 16, 17, 18, 19, 20, 21, 22, 23, 24, 25,   ,   , 28, 29, 30, 31, 32, 33, 34,   , 36,   ,   , 39,   , 41,   , 43,   ,   ,   , 47, 48, 49,   , 51, 52,   ,   ,   
01,   , 03, 04,   , 06, 07, 08,   , 10, 11, 12,   , 14, 15, 16, 17, 18,   , 20, 21, 22, 23, 24, 25,   ,   , 28, 29, 30, 31, 32, 33, 34, 35, 36,   ,   ,   ,   , 41,   , 43, 44,   ,   , 47, 48,   ,   ,   , 52,   ,   ,   
01,   , 03, 04,   , 06, 07, 08,   , 10, 11, 12,   , 14, 15,   , 17, 18,   , 20, 21, 22, 23, 24, 25,   , 27, 28, 29, 30, 31, 32, 33, 34, 35, 36,   , 38,   , 40, 41, 42, 43, 44,   ,   , 47, 48,   ,   ,   ,   ,   ,   ,   
  ,   ,   , 04,   , 06, 07, 08,   , 10, 11, 12,   , 14, 15,   , 17,   ,   , 20, 21, 22, 23, 24,   ,   , 27, 28, 29, 30, 31, 32, 33, 34, 35, 36,   , 38,   , 40, 41, 42, 43, 44, 45,   , 47, 48,   ,   ,   ,   ,   , 54,   
  ,   ,   , 04,   , 06, 07,   ,   , 10, 11, 12, 13, 14, 15,   , 17,   ,   , 20, 21, 22,   , 24,   , 26, 27, 28, 29, 30, 31, 32, 33, 34, 35, 36,   ,   ,   , 40, 41, 42, 43, 44, 45,   , 47, 48,   ,   ,   ,   ,   ,   ,   
  ,   ,   , 04,   , 06, 07,   ,   , 10,   ,   , 13, 14, 15,   , 17,   , 19, 20, 21, 22,   , 24,   ,   , 27, 28, 29, 30, 31, 32, 33, 34, 35, 36,   ,   , 39, 40, 41,   , 43, 44, 45,   , 47, 48, 49,   , 51,   , 53,   ,   
  ,   ,   , 04,   , 06, 07,   , 09, 10,   ,   , 13, 14, 15,   , 17,   , 19, 20, 21,   ,   , 24,   ,   , 27, 28, 29, 30, 31, 32, 33, 34, 35, 36,   ,   , 39, 40, 41,   , 43, 44, 45, 46,   ,   , 49,   , 51, 52, 53,   , 55
  , 02, 03, 04,   , 06, 07,   , 09, 10,   ,   , 13, 14, 15,   , 17, 18, 19,   , 21,   ,   ,   ,   ,   , 27, 28,   , 30, 31, 32, 33, 34, 35, 36,   ,   , 39, 40,   ,   , 43, 44, 45, 46,   ,   ,   ,   , 51, 52, 53,   , 55
  , 02, 03, 04, 05, 06, 07, 08, 09, 10,   ,   , 13, 14, 15,   , 17, 18, 19,   , 21,   , 23,   ,   ,   , 27, 28,   , 30, 31, 32,   , 34,   ,   , 37, 38, 39, 40,   ,   , 43,   , 45, 46,   ,   ,   ,   , 51, 52, 53,   , 55
  ,   ,   , 04, 05,   , 07, 08, 09, 10, 11,   , 13, 14, 15,   , 17, 18, 19,   , 21,   ,   ,   ,   ,   , 27, 28,   , 30, 31, 32,   ,   ,   ,   , 37, 38, 39, 40,   , 42, 43,   , 45, 46,   ,   ,   , 50, 51, 52, 53, 54, 55

======================================

Ngày 2017/11/14. Kết quả: 20,24,29,41,47,49
Cách lần trúng sau 12 lần quay
Bộ số: 01,04,05,07,09,10,11,13,14,15,16,17,18,20,21,22,24,25,27,28,29,30,31,38,39,40,41,43,45,47,48,49,50,51,53,55

10 bộ số trước đó:
01,   ,   , 04, 05,   , 07,   , 09, 10, 11,   , 13, 14, 15, 16, 17, 18,   , 20, 21, 22,   , 24, 25,   , 27, 28, 29, 30, 31,   ,   ,   ,   ,   ,   , 38, 39, 40, 41,   , 43,   , 45,   , 47, 48, 49, 50, 51,   , 53,   , 55
01,   ,   , 04, 05,   , 07,   ,   , 10, 11,   , 13, 14, 15, 16, 17, 18,   , 20,   , 22,   , 24, 25, 26, 27, 28, 29, 30, 31,   , 33,   , 35,   ,   , 38, 39, 40, 41,   , 43,   , 45,   , 47, 48, 49, 50,   ,   , 53,   , 55
01,   ,   , 04, 05, 06,   ,   ,   , 10, 11,   ,   , 14, 15, 16, 17, 18,   , 20,   , 22, 23,   , 25, 26, 27, 28, 29, 30, 31,   , 33, 34, 35,   ,   , 38, 39, 40, 41,   , 43,   ,   ,   ,   , 48, 49, 50,   ,   , 53,   , 55
01,   ,   , 04, 05, 06,   ,   ,   , 10, 11,   ,   , 14, 15, 16, 17,   , 19, 20,   , 22, 23,   , 25, 26, 27, 28, 29, 30, 31, 32, 33, 34,   ,   , 37, 38, 39, 40,   , 42, 43,   ,   ,   ,   ,   , 49, 50,   ,   , 53, 54, 55
01,   ,   , 04, 05, 06,   , 08,   ,   , 11,   ,   , 14,   , 16, 17,   , 19, 20,   , 22, 23,   , 25, 26, 27, 28, 29,   , 31, 32, 33,   ,   ,   , 37, 38, 39, 40,   , 42, 43, 44,   , 46,   ,   , 49,   ,   ,   , 53, 54, 55
  ,   , 03, 04, 05, 06,   , 08,   ,   , 11, 12,   , 14,   , 16, 17,   , 19, 20, 21, 22, 23,   , 25, 26, 27, 28, 29,   , 31,   , 33,   ,   ,   , 37, 38, 39, 40,   , 42, 43, 44,   , 46,   ,   , 49,   , 51,   , 53, 54, 55
  ,   , 03,   , 05, 06, 07, 08,   ,   , 11, 12,   , 14,   ,   , 17,   , 19, 20, 21, 22, 23, 24, 25, 26, 27, 28, 29,   , 31,   , 33,   ,   ,   , 37, 38, 39, 40,   , 42, 43, 44, 45, 46, 47,   ,   ,   , 51, 52, 53, 54, 55
  ,   , 03,   , 05,   , 07, 08,   ,   , 11, 12,   , 14,   ,   ,   ,   , 19, 20, 21, 22, 23,   , 25, 26, 27, 28, 29,   , 31,   , 33,   ,   , 36, 37, 38, 39,   , 41, 42, 43, 44,   , 46, 47, 48,   ,   , 51, 52, 53, 54, 55
  ,   , 03,   , 05,   , 07, 08,   , 10, 11, 12,   , 14,   ,   ,   ,   , 19, 20, 21, 22, 23,   , 25,   , 27, 28, 29, 30, 31,   , 33, 34,   ,   , 37, 38, 39,   , 41, 42, 43, 44,   , 46, 47, 48,   ,   , 51, 52, 53,   , 55
  , 02, 03,   , 05,   , 07, 08,   , 10, 11, 12,   ,   ,   ,   ,   ,   , 19, 20, 21, 22, 23,   , 25,   , 27, 28,   , 30, 31, 32, 33, 34,   ,   , 37, 38, 39,   , 41, 42, 43,   ,   , 46, 47, 48,   ,   , 51, 52, 53,   , 55
  , 02, 03, 04,   ,   , 07,   , 09, 10,   , 12, 13,   ,   , 16,   ,   , 19, 20, 21, 22, 23,   , 25,   , 27, 28,   , 30,   , 32, 33, 34,   ,   ,   , 38, 39,   , 41,   , 43,   ,   , 46, 47, 48,   ,   , 51, 52, 53,   , 55

======================================

Ngày 2017/09/30. Kết quả: 04,17,23,25,34,46
Cách lần trúng sau 19 lần quay
Bộ số: 01,02,03,04,05,06,10,11,13,17,19,21,22,23,25,26,29,32,33,34,35,37,38,40,41,42,45,46,48,50,52,54,55

10 bộ số trước đó:
01, 02, 03, 04, 05, 06,   ,   ,   , 10, 11,   , 13,   ,   ,   , 17,   , 19,   , 21, 22, 23,   , 25, 26,   ,   , 29,   ,   , 32, 33, 34, 35,   , 37, 38,   , 40, 41, 42,   ,   , 45, 46,   , 48,   , 50,   , 52,   , 54, 55
01, 02,   , 04, 05, 06,   ,   ,   , 10, 11,   , 13,   ,   ,   , 17,   , 19, 20, 21, 22, 23,   , 25, 26,   , 28, 29,   , 31,   , 33, 34, 35,   , 37, 38, 39, 40,   , 42,   ,   , 45, 46, 47, 48,   , 50,   , 52,   , 54, 55
01, 02,   , 04, 05, 06,   ,   ,   , 10, 11,   , 13, 14, 15,   , 17, 18, 19, 20,   , 22, 23,   , 25,   ,   , 28,   , 30, 31,   , 33, 34, 35,   , 37, 38, 39, 40,   , 42,   ,   , 45, 46, 47, 48, 49, 50,   ,   ,   , 54, 55
01, 02,   , 04, 05, 06, 07, 08,   , 10, 11,   , 13, 14, 15,   , 17, 18, 19, 20,   ,   ,   ,   , 25,   , 27, 28,   , 30, 31,   , 33, 34, 35,   , 37, 38, 39, 40,   , 42,   ,   , 45, 46, 47, 48, 49, 50,   ,   ,   , 54, 55
01, 02,   , 04, 05,   , 07, 08,   ,   , 11,   , 13, 14, 15, 16, 17, 18, 19, 20,   ,   ,   , 24, 25,   , 27, 28,   , 30, 31,   , 33, 34, 35,   , 37, 38, 39, 40,   , 42,   ,   , 45, 46,   ,   , 49, 50,   ,   ,   , 54, 55
  , 02, 03, 04, 05,   , 07, 08,   ,   , 11,   , 13, 14,   , 16, 17, 18, 19, 20,   ,   ,   , 24, 25,   , 27, 28,   , 30, 31,   , 33, 34, 35,   , 37, 38, 39, 40, 41, 42,   ,   , 45, 46,   ,   , 49, 50,   ,   , 53,   , 55
  , 02, 03,   , 05,   , 07, 08, 09,   , 11,   , 13, 14,   , 16, 17,   , 19, 20, 21,   ,   , 24, 25, 26, 27, 28, 29, 30,   ,   , 33, 34, 35,   , 37, 38, 39,   , 41, 42,   ,   , 45, 46,   ,   , 49, 50,   , 52, 53,   , 55
  ,   , 03,   , 05,   , 07,   , 09,   , 11,   ,   , 14,   , 16, 17,   , 19, 20, 21,   ,   , 24, 25, 26, 27, 28, 29, 30,   ,   , 33, 34, 35,   , 37, 38,   ,   , 41, 42,   , 44, 45, 46,   ,   , 49, 50,   , 52, 53,   , 55
  ,   , 03,   ,   , 06, 07,   ,   , 10,   , 12,   , 14,   , 16, 17,   ,   , 20, 21,   ,   , 24, 25, 26, 27, 28, 29, 30,   ,   , 33, 34, 35,   ,   , 38,   ,   , 41, 42,   , 44, 45, 46, 47, 48, 49, 50, 51, 52, 53,   , 55
  ,   , 03,   ,   , 06, 07,   ,   , 10,   , 12,   , 14, 15, 16, 17,   ,   ,   , 21,   ,   , 24, 25, 26,   , 28, 29, 30,   ,   , 33, 34,   ,   ,   , 38,   ,   , 41, 42, 43, 44, 45, 46,   , 48, 49, 50, 51, 52, 53, 54, 55
  ,   , 03,   ,   , 06, 07,   ,   , 10,   ,   ,   , 14,   , 16, 17,   ,   ,   , 21, 22,   ,   , 25, 26,   , 28, 29, 30, 31, 32, 33, 34,   ,   ,   , 38,   , 40,   , 42, 43, 44, 45, 46,   , 48, 49, 50, 51, 52, 53, 54, 55

======================================

Ngày 2017/09/12. Kết quả: 06,10,12,47,48,51
Cách lần trúng sau 8 lần quay
Bộ số: 03,06,07,10,12,14,16,17,20,21,24,25,26,27,28,29,30,33,34,35,38,41,42,44,45,46,47,48,49,50,51,52,53,55

10 bộ số trước đó:
  ,   , 03,   ,   , 06, 07,   ,   , 10,   , 12,   , 14,   , 16, 17,   ,   , 20, 21,   ,   , 24, 25, 26, 27, 28, 29, 30,   ,   , 33, 34, 35,   ,   , 38,   ,   , 41, 42,   , 44, 45, 46, 47, 48, 49, 50, 51, 52, 53,   , 55
  ,   , 03,   ,   , 06, 07,   ,   , 10,   , 12,   , 14, 15, 16, 17,   ,   ,   , 21,   ,   , 24, 25, 26,   , 28, 29, 30,   ,   , 33, 34,   ,   ,   , 38,   ,   , 41, 42, 43, 44, 45, 46,   , 48, 49, 50, 51, 52, 53, 54, 55
  ,   , 03,   ,   , 06, 07,   ,   , 10,   ,   ,   , 14,   , 16, 17,   ,   ,   , 21, 22,   ,   , 25, 26,   , 28, 29, 30, 31, 32, 33, 34,   ,   ,   , 38,   , 40,   , 42, 43, 44, 45, 46,   , 48, 49, 50, 51, 52, 53, 54, 55
01, 02, 03,   ,   , 06, 07,   ,   , 10,   ,   , 13, 14,   , 16,   ,   ,   ,   , 21, 22,   ,   ,   , 26,   , 28, 29,   ,   , 32, 33, 34,   ,   ,   , 38, 39, 40,   , 42, 43, 44, 45, 46,   , 48, 49, 50, 51, 52, 53, 54, 55
01, 02, 03,   ,   , 06, 07,   , 09, 10, 11,   , 13, 14,   ,   ,   ,   , 19,   , 21, 22,   ,   ,   , 26,   , 28, 29,   ,   , 32, 33, 34,   ,   ,   , 38, 39, 40,   ,   , 43, 44, 45,   ,   , 48, 49, 50, 51, 52, 53, 54, 55
01, 02, 03,   ,   , 06, 07, 08, 09,   , 11,   , 13, 14,   ,   ,   ,   , 19, 20, 21, 22,   ,   ,   , 26, 27, 28, 29,   ,   ,   , 33, 34, 35,   ,   ,   , 39, 40,   ,   , 43,   , 45,   , 47, 48, 49, 50, 51, 52, 53, 54, 55
01, 02, 03, 04,   , 06,   , 08, 09,   ,   , 12,   , 14,   ,   ,   ,   , 19, 20, 21, 22, 23,   ,   ,   , 27, 28, 29,   ,   ,   , 33, 34, 35,   ,   ,   , 39, 40,   ,   , 43,   , 45,   , 47, 48, 49, 50,   , 52, 53, 54, 55
01, 02, 03, 04,   , 06,   , 08, 09,   ,   ,   ,   , 14,   ,   , 17,   , 19,   , 21, 22, 23,   , 25,   , 27, 28, 29,   ,   ,   , 33,   , 35, 36,   ,   , 39, 40, 41,   , 43,   , 45,   , 47, 48, 49, 50,   , 52, 53, 54, 55
01, 02, 03, 04, 05, 06,   , 08, 09,   ,   ,   ,   , 14,   , 16, 17, 18,   ,   , 21, 22, 23,   , 25,   , 27, 28, 29,   ,   ,   ,   ,   , 35, 36, 37,   , 39, 40, 41, 42, 43,   , 45, 46, 47, 48, 49, 50,   , 52, 53, 54, 55
01, 02, 03, 04, 05,   ,   , 08, 09, 10,   ,   ,   , 14,   ,   , 17, 18,   ,   , 21, 22, 23, 24, 25,   , 27, 28, 29,   , 31,   ,   ,   , 35, 36, 37,   , 39, 40, 41, 42, 43, 44, 45, 46, 47, 48, 49, 50,   , 52, 53, 54, 55
01, 02, 03, 04, 05,   ,   , 08, 09,   ,   ,   , 13, 14, 15,   , 17, 18,   ,   , 21, 22, 23, 24, 25, 26, 27, 28, 29,   , 31,   ,   ,   , 35, 36, 37,   , 39, 40,   , 42, 43, 44, 45, 46, 47, 48, 49,   ,   , 52, 53,   , 55

======================================

Ngày 2017/08/24. Kết quả: 05,16,18,37,42,46
Cách lần trúng sau 8 lần quay
Bộ số: 01,02,03,04,05,06,08,09,14,16,17,18,21,22,23,25,27,28,29,35,36,37,39,40,41,42,43,45,46,47,48,49,50,52,53,54,55

10 bộ số trước đó:
01, 02, 03, 04, 05, 06,   , 08, 09,   ,   ,   ,   , 14,   , 16, 17, 18,   ,   , 21, 22, 23,   , 25,   , 27, 28, 29,   ,   ,   ,   ,   , 35, 36, 37,   , 39, 40, 41, 42, 43,   , 45, 46, 47, 48, 49, 50,   , 52, 53, 54, 55
01, 02, 03, 04, 05,   ,   , 08, 09, 10,   ,   ,   , 14,   ,   , 17, 18,   ,   , 21, 22, 23, 24, 25,   , 27, 28, 29,   , 31,   ,   ,   , 35, 36, 37,   , 39, 40, 41, 42, 43, 44, 45, 46, 47, 48, 49, 50,   , 52, 53, 54, 55
01, 02, 03, 04, 05,   ,   , 08, 09,   ,   ,   , 13, 14, 15,   , 17, 18,   ,   , 21, 22, 23, 24, 25, 26, 27, 28, 29,   , 31,   ,   ,   , 35, 36, 37,   , 39, 40,   , 42, 43, 44, 45, 46, 47, 48, 49,   ,   , 52, 53,   , 55
01, 02, 03, 04, 05,   ,   , 08, 09,   ,   , 12, 13, 14, 15,   , 17, 18,   ,   , 21, 22, 23, 24, 25, 26, 27, 28, 29, 30, 31,   ,   , 34, 35,   , 37,   ,   , 40,   , 42, 43, 44, 45,   , 47, 48, 49,   ,   , 52, 53,   , 55
  , 02, 03, 04,   ,   , 07, 08, 09,   ,   , 12, 13, 14, 15,   , 17, 18,   ,   , 21, 22, 23, 24, 25, 26, 27, 28, 29, 30, 31,   , 33, 34, 35,   , 37,   ,   ,   ,   , 42, 43, 44,   ,   , 47, 48, 49,   ,   , 52, 53,   , 55
  , 02, 03,   ,   , 06, 07, 08,   ,   ,   , 12, 13, 14, 15, 16, 17, 18,   , 20, 21, 22, 23,   ,   , 26,   , 28, 29, 30, 31,   , 33, 34, 35,   , 37, 38,   ,   ,   , 42, 43, 44,   ,   , 47, 48, 49,   ,   , 52, 53,   , 55
  , 02, 03,   ,   , 06, 07, 08,   ,   ,   , 12, 13,   , 15, 16, 17, 18,   , 20, 21, 22,   ,   ,   , 26,   , 28, 29, 30, 31,   , 33, 34, 35,   , 37,   ,   ,   ,   , 42, 43, 44,   ,   , 47, 48, 49, 50,   , 52, 53, 54, 55
  , 02, 03,   ,   , 06, 07, 08,   ,   ,   , 12, 13,   , 15, 16, 17, 18, 19, 20, 21, 22,   ,   ,   , 26,   , 28, 29, 30, 31,   , 33, 34, 35, 36, 37,   , 39,   , 41, 42, 43, 44,   , 46, 47, 48, 49, 50, 51, 52, 53, 54, 55

======================================

Ngày 2017/08/08. Kết quả: 19,36,39,41,46,51
Cách lần trúng sau 7 lần quay
Bộ số: 02,03,06,07,08,12,13,15,16,17,18,19,20,21,22,26,28,29,30,31,33,34,35,36,37,39,41,42,43,44,46,47,48,49,50,51,52,53,54,55

10 bộ số trước đó:
  , 02, 03,   ,   , 06, 07, 08,   ,   ,   , 12, 13,   , 15, 16, 17, 18, 19, 20, 21, 22,   ,   ,   , 26,   , 28, 29, 30, 31,   , 33, 34, 35, 36, 37,   , 39,   , 41, 42, 43, 44,   , 46, 47, 48, 49, 50, 51, 52, 53, 54, 55

======================================