Thống kê Vietlott 645
Kết quả mới nhất (2019/12/08): 12 20 30 31 34 44


645/1
39 số chưa ra: 01 03 04 05 06 07 08 09 10 11 12 13 14 15 16 17 18 19 21 22 23 24 25 27 28 29 30 31 32 33 34 36 37 38 39 40 41 42 44
Trúng 5 số: 12 30 31 34 44

Tính đến nay: 224 lần trúng toàn bộ
6 lần xổ gần nhất chưa trúng

Khoảng cách giữa các lần trúng toàn bộ trước: (lần xổ)
2, 1, 1, 2, 1, 1, 5, 5, 0, 0, 1, 1, 1, 0, 1, 0, 3, 0, 0, 0, 0, 1, 1, 3, 1, 0, 3, 3, 0, 1, 2, 0, 0, 0, 3, 1, 0, 2, 0, 0, 0, 0, 2, 1, 1, 0, 0, 0, 0, 0, 0, 2, 0, 0, 6, 0, 1, 2, 0, 0, 4, 1, 2, 4, 5, 2, 0, 2, 5, 0, 0, 0, 0, 6, 0, 1, 4, 5, 0, 1, 0, 0, 2, 1, 9, 0, 3, 4, 1, 0, 2, 2, 0, 1, 0, 0, 0, 1, 1, 1, 3, 3, 2, 5, 2, 0, 0, 0, 0, 0, 0, 6, 1, 3, 0, 0, 2, 0, 2, 3, 1, 1, 2, 0, 1, 2, 0, 2, 1, 1, 1, 0, 4, 0, 0, 0, 0, 0, 5, 6, 0, 0, 7, 3, 2, 1, 2, 6, 6, 0, 1, 1, 4, 3, 0, 2, 4, 2, 1, 0, 0, 2, 2, 4, 0, 2, 3, 0, 0, 2, 1, 0, 0, 0, 1, 1, 5, 1, 1, 0, 0, 7, 0, 0, 0, 0, 0, 0, 1, 2, 0, 1, 2, 2, 0, 0, 2, 0, 1, 0, 2, 1, 0, 0, 3, 3, 1, 0, 1, 4, 0, 3, 0, 0, 1, 2, 0, 0, 0, 0, 0, 0, 0

====================================

645/2
34 số chưa ra: 01 03 04 05 06 07 08 09 10 11 12 13 14 15 17 18 21 22 23 25 27 28 29 31 33 34 36 37 38 39 40 41 42 44
Trúng 4 số: 12 31 34 44

Tính đến nay: 73 lần trúng toàn bộ
18 lần xổ gần nhất chưa trúng

Khoảng cách giữa các lần trúng toàn bộ trước: (lần xổ)
1, 13, 3, 1, 2, 6, 16, 12, 6, 6, 2, 5, 3, 2, 8, 0, 4, 1, 24, 10, 0, 10, 4, 6, 3, 15, 3, 18, 6, 16, 2, 4, 0, 8, 4, 3, 3, 13, 3, 2, 6, 5, 1, 7, 6, 1, 7, 8, 16, 22, 12, 4, 8, 0, 2, 3, 4, 5, 5, 18, 0, 1, 11, 8, 0, 7, 9, 6, 4, 0, 1, 2

====================================

645/3
30 số chưa ra: 01 04 05 06 07 08 09 10 11 12 13 15 17 18 21 22 23 25 28 29 33 34 36 37 38 39 40 41 42 44
Trúng 3 số: 12 34 44

Tính đến nay: 25 lần trúng toàn bộ
34 lần xổ gần nhất chưa trúng

Khoảng cách giữa các lần trúng toàn bộ trước: (lần xổ)
3, 1, 39, 6, 15, 3, 11, 7, 63, 19, 51, 13, 3, 31, 32, 8, 57, 9, 6, 4, 5, 27, 11, 9

====================================

645/4
27 số chưa ra: 01 04 05 06 07 08 09 10 11 12 13 18 21 22 23 25 28 29 33 36 37 38 39 40 41 42 44
Trúng 2 số: 12 44

Tính đến nay: 7 lần trúng toàn bộ
80 lần xổ gần nhất chưa trúng

Khoảng cách giữa các lần trúng toàn bộ trước: (lần xổ)
22, 87, 19, 51, 13, 213

====================================

645/5
24 số chưa ra: 01 04 06 07 08 09 10 11 12 18 21 22 23 25 28 29 36 37 38 39 40 41 42 44
Trúng 2 số: 12 44

Tính đến nay: 3 lần trúng toàn bộ
80 lần xổ gần nhất chưa trúng

Khoảng cách giữa các lần trúng toàn bộ trước: (lần xổ)
196, 213

====================================

645/6
21 số chưa ra: 01 04 06 07 08 09 10 11 12 18 22 23 25 36 37 38 39 40 41 42 44
Trúng 2 số: 12 44

Tính đến nay: 2 lần trúng toàn bộ
277 lần xổ gần nhất chưa trúng

Khoảng cách giữa các lần trúng toàn bộ trước: (lần xổ)
213

====================================

645/7
17 số chưa ra: 04 06 07 08 11 12 18 22 23 25 36 37 39 40 41 42 44
Trúng 2 số: 12 44

Tính đến nay: 0 lần trúng toàn bộ

====================================

645/8
15 số chưa ra: 04 06 07 08 11 12 18 23 25 36 37 39 40 41 42
Trúng 1 số: 12

Tính đến nay: 0 lần trúng toàn bộ

====================================

645/9
12 số chưa ra: 04 08 11 12 18 23 25 36 37 40 41 42
Trúng 1 số: 12

Tính đến nay: 0 lần trúng toàn bộ

====================================

645/10
10 số chưa ra: 04 08 11 12 18 23 25 36 37 42
Trúng 1 số: 12

Tính đến nay: 0 lần trúng toàn bộ

====================================
