Thống kê Vietlott 655 (6 số)
Kết quả mới nhất (2019/12/10): 05 20 33 42 43 49


655/1
49 số chưa ra: 01 02 03 04 05 06 08 09 10 11 12 13 14 15 16 17 19 20 21 22 23 24 25 26 27 28 29 30 31 32 33 34 35 36 37 39 40 41 43 44 45 46 48 49 50 52 53 54 55
Trúng 5 số: 05 20 33 43 49

Tính đến nay: 189 lần trúng toàn bộ
1 lần xổ gần nhất chưa trúng

Khoảng cách giữa các lần trúng toàn bộ trước: (lần xổ)
0, 1, 0, 1, 1, 0, 1, 4, 0, 1, 1, 3, 0, 1, 0, 2, 1, 0, 1, 0, 0, 0, 2, 0, 0, 2, 1, 1, 1, 0, 4, 1, 0, 0, 0, 2, 0, 1, 1, 1, 0, 2, 3, 3, 2, 3, 0, 2, 1, 0, 0, 0, 0, 0, 1, 2, 6, 0, 1, 2, 1, 1, 0, 2, 2, 1, 3, 0, 1, 1, 1, 6, 2, 0, 2, 1, 0, 0, 4, 0, 0, 0, 0, 0, 0, 1, 0, 6, 1, 1, 0, 0, 0, 1, 2, 1, 1, 1, 0, 2, 1, 0, 3, 0, 0, 0, 0, 0, 0, 0, 3, 1, 0, 1, 1, 2, 1, 0, 0, 2, 0, 0, 0, 3, 1, 2, 2, 1, 0, 1, 0, 0, 1, 0, 3, 0, 0, 1, 2, 0, 0, 1, 2, 0, 0, 3, 0, 0, 0, 0, 0, 3, 2, 0, 0, 0, 0, 0, 1, 0, 4, 1, 1, 2, 3, 2, 1, 0, 0, 1, 2, 0, 1, 0, 0, 0, 1, 0, 0, 0, 0, 0, 1, 0, 0, 3, 1, 2

====================================

655/2
43 số chưa ra: 01 02 03 04 05 06 08 10 12 13 14 15 17 19 20 21 22 23 24 25 26 28 29 30 31 32 33 34 36 37 39 41 43 44 45 46 48 49 50 52 53 54 55
Trúng 5 số: 05 20 33 43 49

Tính đến nay: 95 lần trúng toàn bộ
1 lần xổ gần nhất chưa trúng

Khoảng cách giữa các lần trúng toàn bộ trước: (lần xổ)
2, 2, 1, 0, 1, 5, 1, 1, 12, 0, 1, 0, 4, 1, 2, 1, 1, 1, 0, 4, 1, 0, 0, 11, 18, 2, 1, 3, 2, 2, 6, 2, 4, 2, 2, 2, 5, 2, 1, 1, 17, 4, 1, 1, 4, 10, 1, 0, 4, 5, 3, 2, 5, 0, 1, 5, 1, 0, 1, 6, 0, 0, 5, 5, 2, 2, 4, 0, 0, 1, 6, 4, 0, 0, 1, 3, 0, 4, 0, 6, 4, 0, 0, 0, 9, 1, 2, 6, 1, 6, 7, 3, 3, 6

====================================

655/3
37 số chưa ra: 01 02 03 04 05 06 08 10 12 13 14 15 17 19 20 22 23 24 25 26 28 30 31 32 33 34 37 39 43 44 45 46 48 49 53 54 55
Trúng 5 số: 05 20 33 43 49

Tính đến nay: 54 lần trúng toàn bộ
1 lần xổ gần nhất chưa trúng

Khoảng cách giữa các lần trúng toàn bộ trước: (lần xổ)
5, 1, 25, 0, 2, 4, 1, 2, 1, 4, 8, 11, 21, 5, 2, 9, 2, 7, 11, 2, 26, 3, 15, 2, 4, 5, 3, 9, 1, 7, 0, 1, 7, 0, 11, 5, 4, 0, 2, 6, 5, 2, 10, 11, 1, 0, 11, 2, 15, 7, 3, 3, 6

====================================

655/4
33 số chưa ra: 01 02 03 04 05 06 12 13 14 15 17 19 20 22 23 24 25 26 28 30 31 33 34 37 39 43 45 46 48 49 53 54 55
Trúng 5 số: 05 20 33 43 49

Tính đến nay: 19 lần trúng toàn bộ
9 lần xổ gần nhất chưa trúng

Khoảng cách giữa các lần trúng toàn bộ trước: (lần xổ)
29, 9, 27, 27, 38, 54, 5, 3, 11, 42, 10, 31, 2, 11, 18, 7, 7, 6

====================================

655/5
28 số chưa ra: 02 03 04 05 06 12 13 14 15 17 19 20 22 23 24 25 30 31 33 34 37 39 43 45 46 48 49 54
Trúng 5 số: 05 20 33 43 49

Tính đến nay: 9 lần trúng toàn bộ
39 lần xổ gần nhất chưa trúng

Khoảng cách giữa các lần trúng toàn bộ trước: (lần xổ)
37, 66, 54, 9, 11, 88, 11, 18

====================================

655/6
27 số chưa ra: 02 03 04 05 06 12 13 14 15 17 20 22 23 24 25 30 31 33 34 37 39 43 45 46 48 49 54
Trúng 5 số: 05 20 33 43 49

Tính đến nay: 7 lần trúng toàn bộ
39 lần xổ gần nhất chưa trúng

Khoảng cách giữa các lần trúng toàn bộ trước: (lần xổ)
37, 66, 54, 9, 11, 119

====================================

655/7
25 số chưa ra: 02 03 04 05 06 12 13 14 15 17 20 22 23 24 25 31 33 34 37 39 43 46 48 49 54
Trúng 5 số: 05 20 33 43 49

Tính đến nay: 3 lần trúng toàn bộ
144 lần xổ gần nhất chưa trúng

Khoảng cách giữa các lần trúng toàn bộ trước: (lần xổ)
54, 9

====================================

655/8
24 số chưa ra: 02 03 04 05 06 12 13 14 15 17 20 22 23 25 31 33 34 37 39 43 46 48 49 54
Trúng 5 số: 05 20 33 43 49

Tính đến nay: 2 lần trúng toàn bộ
144 lần xổ gần nhất chưa trúng

Khoảng cách giữa các lần trúng toàn bộ trước: (lần xổ)
64

====================================

655/9
23 số chưa ra: 02 03 04 05 06 12 13 14 15 17 20 22 23 25 31 34 37 39 43 46 48 49 54
Trúng 4 số: 05 20 43 49

Tính đến nay: 1 lần trúng toàn bộ
209 lần xổ gần nhất chưa trúng

====================================

655/10
20 số chưa ra: 02 03 04 05 12 13 14 15 17 20 23 25 31 34 37 39 43 46 48 54
Trúng 3 số: 05 20 43

Tính đến nay: 1 lần trúng toàn bộ
209 lần xổ gần nhất chưa trúng

====================================
