Thống kê Vietlott 655 (7 số)
Kết quả mới nhất (2019/12/10): 05 20 33 42 43 49 26


655/1
48 số chưa ra: 01 02 03 04 05 06 09 10 11 12 13 14 15 16 17 19 20 21 22 23 24 25 26 27 28 29 30 31 32 33 34 35 36 37 39 40 41 43 44 45 46 48 49 50 52 53 54 55
Trúng 6 số: 05 20 33 43 49 26

Tính đến nay: 147 lần trúng toàn bộ
2 lần xổ gần nhất chưa trúng

Khoảng cách giữa các lần trúng toàn bộ trước: (lần xổ)
1, 0, 1, 1, 0, 1, 4, 0, 1, 1, 3, 3, 2, 1, 2, 0, 0, 0, 2, 0, 0, 2, 1, 4, 4, 1, 0, 0, 0, 2, 0, 3, 2, 2, 3, 3, 2, 3, 0, 2, 1, 2, 1, 1, 2, 6, 0, 1, 2, 1, 1, 0, 2, 2, 1, 3, 2, 1, 1, 9, 5, 0, 0, 4, 0, 0, 1, 1, 1, 0, 6, 1, 1, 0, 0, 0, 1, 2, 3, 2, 5, 4, 0, 0, 1, 5, 1, 0, 1, 1, 2, 1, 1, 2, 0, 0, 0, 5, 2, 2, 1, 0, 2, 0, 1, 0, 3, 1, 1, 2, 0, 0, 1, 2, 0, 0, 4, 0, 1, 0, 6, 0, 1, 3, 5, 1, 1, 2, 3, 2, 2, 0, 1, 2, 0, 1, 0, 0, 0, 2, 3, 1, 1, 3, 1, 2

====================================

655/2
42 số chưa ra: 01 02 03 04 05 06 10 12 13 14 15 17 19 20 21 22 23 24 25 26 28 29 30 31 32 33 34 36 37 39 41 43 44 45 46 48 49 50 52 53 54 55
Trúng 6 số: 05 20 33 43 49 26

Tính đến nay: 66 lần trúng toàn bộ
4 lần xổ gần nhất chưa trúng

Khoảng cách giữa các lần trúng toàn bộ trước: (lần xổ)
2, 4, 5, 1, 1, 12, 2, 0, 4, 1, 2, 1, 4, 4, 1, 0, 0, 11, 21, 1, 6, 9, 2, 4, 5, 2, 8, 1, 1, 17, 4, 1, 1, 4, 10, 2, 4, 12, 6, 7, 1, 0, 1, 14, 8, 2, 5, 0, 1, 6, 4, 0, 0, 1, 3, 0, 4, 0, 12, 11, 1, 2, 6, 8, 22

====================================

655/3
36 số chưa ra: 01 02 03 04 05 06 10 12 13 14 15 17 19 20 22 23 24 25 26 28 30 31 32 33 34 37 39 43 44 45 46 48 49 53 54 55
Trúng 6 số: 05 20 33 43 49 26

Tính đến nay: 29 lần trúng toàn bộ
7 lần xổ gần nhất chưa trúng

Khoảng cách giữa các lần trúng toàn bộ trước: (lần xổ)
27, 3, 6, 2, 1, 4, 8, 11, 21, 21, 22, 26, 3, 15, 2, 4, 19, 10, 1, 26, 5, 9, 5, 2, 10, 26, 2, 15

====================================

655/4
32 số chưa ra: 01 02 03 04 05 06 12 13 14 17 19 20 22 23 24 25 26 28 30 31 33 34 37 39 43 45 46 48 49 53 54 55
Trúng 6 số: 05 20 33 43 49 26

Tính đến nay: 6 lần trúng toàn bộ
39 lần xổ gần nhất chưa trúng

Khoảng cách giữa các lần trúng toàn bộ trước: (lần xổ)
37, 66, 54, 75, 46

====================================

655/5
26 số chưa ra: 02 03 04 05 06 12 13 17 19 20 22 23 24 25 30 31 33 34 37 39 43 45 46 48 49 54
Trúng 5 số: 05 20 33 43 49

Tính đến nay: 2 lần trúng toàn bộ
77 lần xổ gần nhất chưa trúng

Khoảng cách giữa các lần trúng toàn bộ trước: (lần xổ)
244

====================================

655/6
24 số chưa ra: 02 03 05 06 12 13 17 20 22 23 24 25 30 31 33 34 37 39 43 45 46 48 49 54
Trúng 5 số: 05 20 33 43 49

Tính đến nay: 1 lần trúng toàn bộ
77 lần xổ gần nhất chưa trúng

====================================

655/7
22 số chưa ra: 02 03 05 06 12 13 17 20 22 23 24 25 31 33 34 37 39 43 46 48 49 54
Trúng 5 số: 05 20 33 43 49

Tính đến nay: 0 lần trúng toàn bộ

====================================

655/8
20 số chưa ra: 02 03 05 06 12 13 17 20 22 23 25 31 33 37 39 43 46 48 49 54
Trúng 5 số: 05 20 33 43 49

Tính đến nay: 0 lần trúng toàn bộ

====================================

655/9
19 số chưa ra: 02 03 05 06 12 13 17 20 22 23 25 31 37 39 43 46 48 49 54
Trúng 4 số: 05 20 43 49

Tính đến nay: 0 lần trúng toàn bộ

====================================

655/10
16 số chưa ra: 02 03 05 12 13 17 20 23 25 31 37 39 43 46 48 54
Trúng 3 số: 05 20 43

Tính đến nay: 0 lần trúng toàn bộ

====================================
